38 21.1 587
38 21.3 583
38 21.3 559
37 21.3 597
37 21.3 615
37 21.3 582
37 21.3 586
37 21.3 599
36 21.3 634
36 21.2 664
36 21.2 658
36 21.2 665
36 21.2 658
38 21.2 620
38 21.2 590
38 21.2 610
38 21.2 625
38 21.2 608
38 21.2 628
38 21.2 589
36 21.0 562
37 21.0 592
37 20.9 577
37 20.9 568
37 20.9 606
37 20.9 598
39 20.9 611
39 20.7 603
39 20.7 641
39 20.7 679
39 20.7 696
39 20.5 694
39 20.5 688
38 20.5 690
38 20.5 671
38 20.6 703
38 20.6 682
38 20.6 697
37 20.6 705
37 20.6 673
39 20.8 698
39 20.8 669
39 20.8 644
39 20.8 621
39 21.0 658
41 20.8 660
41 20.7 629
41 20.6 661
41 20.6 655
41 20.6 654
41 20.7 635
43 20.7 626
43 20.7 599
45 20.7 562
45 20.7 600
47 20.7 632
47 20.7 632
47 20.7 630
47 20.7 605
47 20.6 626
47 20.6 595
47 20.7 605
47 20.7 574
47 20.7 589
47 20.7 573
48 20.8 612
48 20.8 618
48 20.8 653
48 20.8 659
48 21.0 632
48 21.0 609
50 21.1 611
50 21.1 611
50 21.1 622
50 21.1 589
50 20.9 589
50 20.8 582
50 20.8 587
50 20.6 617
50 20.6 653
49 20.6 682
49 20.6 704
49 20.5 681
47 20.5 665
47 20.5 651
47 20.5 663
45 20.5 636
45 20.5 667
45 20.5 686
45 20.5 663
45 20.5 630
45 20.7 629
44 20.7 607
44 20.8 610
44 20.8 643
46 20.7 652
46 20.7 644
46 20.9 669
46 20.9 658
48 20.9 679
48 20.8 716
48 20.8 715
48 20.8 702
48 20.8 687
48 20.7 726
48 20.7 691
48 20.7 687
47 20.7 683
47 20.7 652
47 20.7 671
47 20.5 679
47 20.5 646
45 20.5 655
45 20.7 675
44 20.7 663
44 20.6 654
44 20.6 682
44 20.6 674
42 20.6 673
42 20.6 639
42 20.6 655
42 20.6 642
42 20.6 614
42 20.6 631
42 20.5 596
42 20.6 592
40 20.6 624
40 20.5 612
42 20.5 591
42 20.5 580
42 20.5 590
42 20.5 606
43 20.5 590
43 20.3 590
43 20.3 593
43 20.3 592
43 20.3 594
43 20.3 563
43 20.3 582
43 20.4 615
43 20.4 597
43 20.4 636
43 20.4 654
43 20.4 639
43 20.4 631
43 20.3 600
41 20.3 633
41 20.3 597
41 20.3 589
41 20.3 565
43 20.3 592
43 20.3 600
43 20.6 606
44 20.6 627
44 20.6 611
44 20.7 632
46 20.7 599
46 20.7 593
46 20.7 623
46 20.7 659
46 20.7 651
45 20.7 649
45 20.9 626
45 20.9 632
45 20.9 654
45 20.7 647
45 20.7 612
45 20.7 619
45 20.7 602
45 20.7 584
43 20.7 586
43 20.7 618
43 20.9 592
43 20.9 615
42 20.9 607
42 20.9 578
42 20.9 595
42 20.9 629
42 20.9 644
42 20.8 620
42 20.8 652
43 20.8 661
43 20.8 650
43 20.8 669
43 20.7 654
44 20.7 683
44 20.7 654
44 20.7 662
45 20.6 630
45 20.7 652
45 20.7 618
45 20.7 591
45 20.7 621
45 20.7 660
45 20.7 645
46 20.7 684
46 20.7 678
47 20.8 675
47 20.8 698
48 20.8 667
48 20.7 670
48 20.7 642
48 20.7 665
47 20.6 640
47 20.6 603
47 20.6 582
47 20.6 611
47 20.6 636
45 20.7 619
45 20.7 642
45 20.5 649
45 20.5 657
46 20.5 663
46 20.5 640
46 20.5 670
46 20.6 679
46 20.6 644
47 20.6 632
47 20.6 626
46 20.6 648
46 20.7 641
46 20.7 617
46 21.0 588
46 21.1 588
44 21.1 593
43 21.1 604
44 21.1 573
44 21.1 592
44 21.1 625
44 20.9 655
42 20.9 651
42 20.7 658
42 20.7 657
42 20.7 644
42 20.7 605
42 20.7 605
42 20.7 614
42 20.8 630
43 20.8 629
43 20.8 665
43 20.8 689
43 20.8 680
43 20.9 654
43 20.9 625
43 20.9 657
45 20.9 657
45 21.1 634
45 21.1 659
47 21.1 632
47 21.1 647
47 20.8 661
47 20.8 645
46 20.8 614
46 20.6 583
46 20.6 577
46 20.6 599
45 20.8 630
45 20.8 656
45 20.8 657
47 20.8 642
47 20.8 676
47 20.7 709
47 20.7 703
47 20.7 667
47 20.7 662
47 20.7 692
47 20.9 689
47 20.9 680
47 20.9 670
45 20.9 670
45 20.9 652
44 20.8 669
44 20.8 698
44 20.8 681
44 20.8 677
44 21.0 647
43 21.0 627
45 21.0 654
45 21.0 685
45 21.0 672
45 21.0 664
43 21.0 636
43 21.0 643
43 21.0 667
43 21.0 654
43 20.9 687
41 20.9 719
41 20.9 719
41 20.9 711
41 20.9 672
40 21.0 638
40 21.1 607
40 21.1 609
40 21.1 624
40 21.1 624
38 21.1 637
38 21.1 637
38 21.0 638
38 21.1 622
40 21.1 640
40 21.1 630
40 21.3 630
40 21.4 631
39 21.4 618
39 21.4 604
39 21.4 592
41 21.4 599
41 21.2 629
41 21.2 608
41 21.3 614
41 21.3 650
43 21.3 680
43 21.3 655
43 21.5 672
44 21.5 644
44 21.5 617
44 21.5 628
44 21.5 649
44 21.5 637
44 21.5 598
44 21.5 616
44 21.5 620
42 21.5 586
42 21.5 591
42 21.5 594
42 21.7 577
44 21.7 583
44 21.7 622
44 21.7 618
45 21.6 590
45 21.6 607
45 21.6 642
45 21.6 669
45 21.7 660
46 21.7 647
46 21.7 648
44 21.7 667
44 21.7 632
44 21.9 604
44 21.9 622
44 21.8 644
43 21.8 633
43 21.8 635
43 21.8 625
43 21.8 645
43 21.7 610
41 21.7 639
40 21.7 662
40 21.7 644
40 21.7 639
40 21.5 650
40 21.4 685
40 21.3 651
41 21.4 649
41 21.4 619
41 21.4 626
41 21.4 623
41 21.2 589
41 21.2 614
41 21.2 644
41 21.2 677
41 21.2 648
42 21.2 644
42 21.0 631
42 21.0 600
43 21.0 639
43 21.0 637
43 21.0 627
43 21.1 643
43 21.1 605
43 21.1 595
43 21.1 601
43 21.1 626
41 21.1 616
42 21.1 623
42 21.1 622
42 21.1 622
42 21.0 655
42 21.0 645
44 21.0 682
44 21.0 679
44 21.1 674
43 21.1 684
43 21.1 663
43 21.1 670
42 21.1 665
42 20.9 680
41 20.9 681
41 20.9 643
41 20.9 618
41 21.0 601
43 21.0 628
43 21.0 589
42 21.0 627
42 21.0 588
42 21.0 622
43 21.0 596
43 21.0 573
43 21.0 602
43 21.0 606
43 21.0 641
45 21.0 641
45 20.7 653
45 20.9 626
47 20.9 661
47 20.9 639
47 20.9 671
46 20.9 674
46 20.9 695
46 20.9 688
44 20.9 674
43 20.9 710
43 20.9 695
43 21.0 663
43 21.0 688
43 21.0 665
43 21.0 626
43 20.9 594
45 20.9 632
45 20.9 624
45 21.0 586
44 21.0 587
44 21.0 602
44 21.0 601
44 21.2 568
44 21.2 586
44 21.2 587
44 21.2 610
44 21.2 619
44 21.1 658
44 21.1 629
44 21.1 619
44 21.4 614
44 21.4 602
44 21.4 609
46 21.4 604
45 21.1 632
45 21.1 622
45 21.1 630
45 21.0 658
46 21.0 632
44 21.0 626
44 21.0 646
44 21.0 673
45 21.0 672
45 21.0 661
45 20.9 652
45 20.9 654
45 21.0 662
45 21.0 685
45 21.0 673
45 21.0 698
45 21.2 698
45 21.2 684
45 21.2 681
46 21.2 649
48 21.2 682
48 21.4 680
48 21.3 646
48 21.3 685
48 21.1 685
46 21.1 678
46 21.3 641
46 21.3 621
46 21.3 625
46 21.3 640
46 21.3 659
46 21.5 691
48 21.7 688
48 21.5 719
48 21.5 701
48 21.5 701
47 21.5 685
47 21.4 664
47 21.4 680
47 21.4 655
47 21.6 692
48 21.6 657
48 21.6 652
48 21.6 622
48 21.7 653
48 21.7 646
46 21.7 676
46 21.7 667
46 21.5 628
46 21.3 623
46 21.3 643
46 21.3 666
46 21.3 633
46 21.1 648
46 21.1 635
46 21.1 667
45 21.1 679
44 21.3 703
44 21.3 689
44 21.3 678
44 21.3 702
44 21.3 704
44 21.0 680
44 21.0 645
43 21.0 628
43 21.0 606
41 21.0 595
41 21.0 596
41 21.0 627
41 21.0 627
41 21.0 663
41 21.1 627
41 21.0 617
41 21.0 614
41 21.0 629
41 21.2 643
43 21.2 680
43 21.2 683
43 21.2 655
43 21.2 683
43 21.4 673
45 21.4 660
45 21.4 698
45 21.3 690
45 21.1 655
45 21.1 638
45 21.1 671
45 21.2 632
45 21.2 631
43 21.2 627
43 21.2 603
43 21.1 632
43 21.1 593
43 21.1 591
41 21.1 576
39 21.0 559
39 21.0 573
39 21.0 604
39 21.0 611
39 20.9 643
39 20.9 619
39 20.9 622
39 20.9 649
39 20.8 628
39 20.8 591
38 20.7 619
38 20.7 645
38 20.7 607
38 20.7 612
38 20.9 631
38 21.1 658
38 21.1 641
38 21.1 619
38 21.1 641
37 21.3 664
37 21.3 650
37 21.3 631
37 21.3 669
39 21.1 636
39 21.1 649
39 21.1 625
39 21.1 663
39 21.1 676
39 21.2 658
38 21.1 650
38 21.1 650
38 21.1 671
36 21.1 668
36 21.2 630
36 21.2 599
36 21.2 599
35 21.1 626
35 21.1 591
35 21.1 582
35 21.1 570
36 21.1 586
36 21.1 587
36 21.1 618
36 21.1 602
36 20.9 630
36 20.9 611
36 20.9 611
36 20.9 574
36 20.9 570
36 20.9 534
36 20.9 559
36 20.9 564
36 21.1 599
35 21.1 614
37 20.9 627
37 21.2 627
37 21.4 626
37 21.4 645
39 21.4 610
39 21.4 593
39 21.4 631
40 21.4 599
40 21.4 599
42 21.4 636
42 21.4 661
42 21.4 671
42 21.4 667
44 21.2 630
44 21.2 663
44 21.2 638
44 21.2 629
44 21.2 665
44 21.0 633
44 21.0 627
44 21.0 651
44 21.0 638
44 21.0 642
45 21.1 634
45 21.1 618
45 21.1 602
45 21.1 613
46 20.9 630
46 20.9 665
46 20.9 697
47 20.7 658
47 20.7 624
47 20.8 612
49 20.8 632
49 20.8 653
49 21.0 634
49 21.0 630
49 21.0 614
49 21.0 650
49 21.0 674
49 21.0 642
49 20.8 620
49 20.9 651
49 21.1 630
49 21.1 632
47 21.1 643
47 21.1 616
47 20.9 644
47 20.8 629
45 20.8 656
45 20.8 645
45 20.8 622
47 20.8 628
47 20.8 603
47 20.9 627
47 20.9 632
49 20.9 635
48 20.9 634
48 20.9 618
48 20.9 644
48 20.9 611
48 20.9 611
47 21.0 643
47 21.0 620
47 21.0 587
47 21.0 587
47 21.0 618
47 21.2 594
47 21.2 612
47 21.2 629
47 21.3 631
47 21.3 604
46 21.3 632
47 21.3 620
47 21.3 659
47 21.3 659
47 21.3 666
47 21.5 640
47 21.5 666
47 21.5 670
47 21.5 704
47 21.5 728
47 21.7 705
47 21.9 671
47 21.7 665
47 21.6 647
48 21.6 645
48 21.7 667
48 21.7 674
48 21.6 691
48 21.6 691
48 21.6 688
48 21.6 662
48 21.5 685
48 21.5 685
48 21.4 707
48 21.4 688
48 21.4 676
48 21.4 684
48 21.4 681
48 21.5 718
48 21.5 688
48 21.5 701
48 21.6 696
48 21.6 681
48 21.6 697
48 21.6 661
48 21.6 629
49 21.6 628
49 21.6 624
50 21.4 655
50 21.4 688
49 21.4 704
49 21.4 697
49 21.2 671
51 21.2 696
51 21.0 663
51 20.9 702
51 20.9 669
53 20.9 641
53 20.7 652
53 20.7 621
53 20.7 631
53 20.7 628
53 20.7 642
51 20.6 636
51 20.5 624
51 20.5 618
51 20.5 645
51 20.5 664
51 20.5 699
49 20.6 693
49 20.6 660
49 20.6 639
49 20.6 642
49 20.6 644
48 20.6 621
48 20.6 598
48 20.8 580
48 20.8 568
46 20.8 582
46 20.8 606
44 20.8 637
44 21.0 598
44 21.0 625
45 21.0 591
45 21.0 605
45 20.8 609
45 20.8 628
44 20.8 619
44 20.8 593
44 20.9 578
46 21.1 550
46 21.1 566
45 21.1 592
45 21.1 567
45 21.1 584
45 20.8 597
45 20.9 622
43 20.9 622
43 20.9 631
43 20.9 639
43 20.9 636
43 21.1 614
43 21.1 580
43 21.1 592
43 21.0 616
43 21.0 643
43 21.0 655
42 21.0 626
42 21.0 612
42 21.2 645
42 21.2 620
42 21.1 590
41 21.1 609
43 21.1 610
43 21.1 638
42 21.1 613
42 21.1 595
42 21.2 597
42 21.2 610
42 21.2 622
43 21.2 594
43 21.2 603
43 21.0 626
43 21.0 596
43 21.0 576
41 21.0 602
41 21.0 626
41 21.0 658
41 21.0 648
41 21.0 638
42 20.8 655
42 20.8 647
42 20.8 628
42 20.8 657
41 21.0 644
41 21.2 658
43 21.2 641
43 21.2 604
43 21.2 629
43 21.2 631
42 21.1 637
42 21.1 599
42 21.2 560
42 21.2 592
42 21.2 573
43 21.2 604
43 21.1 592
43 21.1 620
43 21.1 624
43 21.1 587
41 21.2 620
41 21.2 639
41 21.2 650
41 21.2 644
41 21.2 635
41 21.4 597
41 21.4 620
41 21.4 656
41 21.4 630
41 21.4 669
41 21.5 651
41 21.5 614
39 21.5 619
39 21.5 632
39 21.6 631
39 21.6 594
39 21.6 605
39 21.6 601
39 21.6 593
41 21.6 572
41 21.6 591
41 21.4 597
41 21.4 594
41 21.4 618
39 21.4 586
39 21.4 601
39 21.2 581
39 21.4 600
39 21.4 602
38 21.4 566
38 21.4 539
38 21.4 556
38 21.4 584
37 21.4 566
37 21.4 588
37 21.5 605
37 21.5 610
37 21.3 636
37 21.3 646
37 21.2 610
37 21.2 641
37 21.3 602
37 21.3 639
36 21.3 610
35 21.1 626
35 21.1 599
35 21.1 600
35 21.1 615
35 21.3 614
35 21.3 582
35 21.3 563
35 21.3 597
35 21.3 620
35 21.0 658
35 21.0 679
35 21.0 653
35 20.9 619
35 20.9 628
35 20.9 662
35 20.9 677
33 20.9 700
35 20.9 687
35 20.9 656
36 20.9 645
36 20.9 643
36 20.9 605
36 21.1 621
36 21.1 583
36 21.1 615
36 21.1 623
36 20.9 649
35 20.9 646
35 20.9 667
35 20.9 700
37 20.9 704
37 20.9 675
37 20.9 651
37 20.9 681
35 20.9 669
35 20.8 662
35 20.8 695
35 20.8 661
34 20.8 629
34 20.8 658
34 20.8 638
33 20.8 660
35 20.8 651
35 20.7 630
35 20.9 634
35 20.9 659
35 21.1 632
35 21.1 669
33 21.1 635
33 21.1 669
33 21.1 677
33 20.9 673
33 20.9 673
33 20.9 667
33 20.9 648
33 20.9 671
33 21.0 671
35 21.0 638
35 21.0 650
35 21.0 622
35 21.0 619
35 21.0 612
35 21.0 635
35 21.2 634
35 21.2 672
35 21.2 645
35 21.2 623
34 21.2 654
34 21.2 619
34 21.2 609
34 21.2 581
34 21.2 573
36 21.2 610
36 21.0 622
36 21.0 606
36 21.0 624
36 21.0 590
34 21.1 597
34 21.1 619
34 21.1 635
34 21.1 607
34 21.1 600
34 21.1 608
34 21.1 634
34 20.9 643
34 20.9 620
34 20.9 639
34 21.0 651
34 21.0 644
34 21.0 611
34 21.1 617
36 21.1 605
36 21.1 628
36 21.3 660
36 21.3 694
36 21.3 717
36 21.1 678
36 21.1 692
36 21.1 723
38 20.9 695
38 20.9 671
38 20.9 708
38 20.9 709
38 21.0 676
40 21.0 655
40 21.0 633
41 21.0 617
41 21.0 627
41 21.0 623
40 21.1 653
40 21.1 630
40 20.9 652
40 20.8 684
40 20.8 709
40 20.8 670
40 20.8 706
40 20.8 690
40 20.7 727
40 20.7 712
41 20.7 742
41 20.7 739
41 20.9 700
41 20.9 734
43 20.9 716
43 20.9 686
43 20.9 660
42 20.7 660
42 20.7 633
42 20.7 670
42 20.5 656
41 20.5 646
41 20.5 662
41 20.5 658
41 20.7 629
41 20.7 624
41 20.7 592
41 20.9 619
41 20.9 630
39 20.9 643
39 20.7 645
39 20.7 647
39 20.9 676
40 21.0 646
40 21.0 614
40 21.0 606
40 21.3 611
40 21.3 603