38 21.1 587
38 21.3 583
38 21.3 559
37 21.3 597
37 21.3 615
37 21.3 582
37 21.3 586
37 21.3 599
36 21.3 634
36 21.2 664
36 21.2 658
36 21.2 665
36 21.2 658
38 21.2 620
38 21.2 590
38 21.2 610
38 21.2 625
38 21.2 608
38 21.2 628
38 21.2 589
36 21.0 562
37 21.0 592
37 20.9 577
37 20.9 568
37 20.9 606
37 20.9 598
39 20.9 611
39 20.7 603
39 20.7 641
39 20.7 679
39 20.7 696
39 20.5 694
39 20.5 688
38 20.5 690
38 20.5 671
38 20.6 703
38 20.6 682
38 20.6 697
37 20.6 705
37 20.6 673
39 20.8 698
39 20.8 669
39 20.8 644
39 20.8 621
39 21.0 658
41 20.8 660
41 20.7 629
41 20.6 661
41 20.6 655
41 20.6 654
41 20.7 635
43 20.7 626
43 20.7 599
45 20.7 562
45 20.7 600
47 20.7 632
47 20.7 632
47 20.7 630
47 20.7 605
47 20.6 626
47 20.6 595
47 20.7 605
47 20.7 574
47 20.7 589
47 20.7 573
48 20.8 612
48 20.8 618
48 20.8 653
48 20.8 659
48 21.0 632
48 21.0 609
50 21.1 611
50 21.1 611
50 21.1 622
50 21.1 589
50 20.9 589
50 20.8 582
50 20.8 587
50 20.6 617
50 20.6 653
49 20.6 682
49 20.6 704
49 20.5 681
47 20.5 665
47 20.5 651
47 20.5 663
45 20.5 636
45 20.5 667
45 20.5 686
45 20.5 663
45 20.5 630
45 20.7 629
44 20.7 607
44 20.8 610
44 20.8 643
46 20.7 652
46 20.7 644
46 20.9 669
46 20.9 658
48 20.9 679
48 20.8 716
48 20.8 715
48 20.8 702
48 20.8 687
48 20.7 726
48 20.7 691
48 20.7 687
47 20.7 683
47 20.7 652
47 20.7 671
47 20.5 679
47 20.5 646
45 20.5 655
45 20.7 675
44 20.7 663
44 20.6 654
44 20.6 682
44 20.6 674
42 20.6 673
42 20.6 639
42 20.6 655
42 20.6 642
42 20.6 614
42 20.6 631
42 20.5 596
42 20.6 592
40 20.6 624
40 20.5 612
42 20.5 591
42 20.5 580
42 20.5 590
42 20.5 606
43 20.5 590
43 20.3 590
43 20.3 593
43 20.3 592
43 20.3 594
43 20.3 563
43 20.3 582
43 20.4 615
43 20.4 597
43 20.4 636
43 20.4 654
43 20.4 639
43 20.4 631
43 20.3 600
41 20.3 633
41 20.3 597
41 20.3 589
41 20.3 565
43 20.3 592
43 20.3 600
43 20.6 606
44 20.6 627
44 20.6 611
44 20.7 632
46 20.7 599
46 20.7 593
46 20.7 623
46 20.7 659
46 20.7 651
45 20.7 649
45 20.9 626
45 20.9 632
45 20.9 654
45 20.7 647
45 20.7 612
45 20.7 619
45 20.7 602
45 20.7 584
43 20.7 586
43 20.7 618
43 20.9 592
43 20.9 615
42 20.9 607
42 20.9 578
42 20.9 595
42 20.9 629
42 20.9 644
42 20.8 620
42 20.8 652
43 20.8 661
43 20.8 650
43 20.8 669
43 20.7 654
44 20.7 683
44 20.7 654
44 20.7 662
45 20.6 630
45 20.7 652
45 20.7 618
45 20.7 591
45 20.7 621
45 20.7 660
45 20.7 645
46 20.7 684
46 20.7 678
47 20.8 675
47 20.8 698
48 20.8 667
48 20.7 670
48 20.7 642
48 20.7 665
47 20.6 640
47 20.6 603
47 20.6 582
47 20.6 611
47 20.6 636
45 20.7 619
45 20.7 642
45 20.5 649
45 20.5 657
46 20.5 663
46 20.5 640
46 20.5 670
46 20.6 679
46 20.6 644
47 20.6 632
47 20.6 626
46 20.6 648
46 20.7 641
46 20.7 617
46 21.0 588
46 21.1 588
44 21.1 593
43 21.1 604
44 21.1 573
44 21.1 592
44 21.1 625
44 20.9 655
42 20.9 651
42 20.7 658
42 20.7 657
42 20.7 644
42 20.7 605
42 20.7 605
42 20.7 614
42 20.8 630
43 20.8 629
43 20.8 665
43 20.8 689
43 20.8 680
43 20.9 654
43 20.9 625
43 20.9 657
45 20.9 657
45 21.1 634
45 21.1 659
47 21.1 632
47 21.1 647
47 20.8 661
47 20.8 645
46 20.8 614
46 20.6 583
46 20.6 577
46 20.6 599
45 20.8 630
45 20.8 656
45 20.8 657
47 20.8 642
47 20.8 676
47 20.7 709
47 20.7 703
47 20.7 667
47 20.7 662
47 20.7 692
47 20.9 689
47 20.9 680
47 20.9 670
45 20.9 670
45 20.9 652
44 20.8 669
44 20.8 698
44 20.8 681
44 20.8 677
44 21.0 647
43 21.0 627
45 21.0 654
45 21.0 685
45 21.0 672
45 21.0 664
43 21.0 636
43 21.0 643
43 21.0 667
43 21.0 654
43 20.9 687
41 20.9 719
41 20.9 719
41 20.9 711
41 20.9 672
40 21.0 638
40 21.1 607
40 21.1 609
40 21.1 624
40 21.1 624
38 21.1 637
38 21.1 637
38 21.0 638
38 21.1 622
40 21.1 640
40 21.1 630
40 21.3 630
40 21.4 631
39 21.4 618
39 21.4 604
39 21.4 592
41 21.4 599
41 21.2 629
41 21.2 608
41 21.3 614
41 21.3 650
43 21.3 680
43 21.3 655
43 21.5 672
44 21.5 644
44 21.5 617
44 21.5 628
44 21.5 649
44 21.5 637
44 21.5 598
44 21.5 616
44 21.5 620
42 21.5 586
42 21.5 591
42 21.5 594
42 21.7 577
44 21.7 583
44 21.7 622
44 21.7 618
45 21.6 590
45 21.6 607
45 21.6 642
45 21.6 669
45 21.7 660
46 21.7 647
46 21.7 648
44 21.7 667
44 21.7 632
44 21.9 604
44 21.9 622
44 21.8 644
43 21.8 633
43 21.8 635
43 21.8 625
43 21.8 645
43 21.7 610
41 21.7 639
40 21.7 662
40 21.7 644
40 21.7 639
40 21.5 650
40 21.4 685
40 21.3 651
41 21.4 649
41 21.4 619
41 21.4 626
41 21.4 623
41 21.2 589
41 21.2 614
41 21.2 644
41 21.2 677
41 21.2 648
42 21.2 644
42 21.0 631
42 21.0 600
43 21.0 639
43 21.0 637
43 21.0 627
43 21.1 643
43 21.1 605
43 21.1 595
43 21.1 601
43 21.1 626
41 21.1 616
42 21.1 623
42 21.1 622
42 21.1 622
42 21.0 655
42 21.0 645
44 21.0 682
44 21.0 679
44 21.1 674
43 21.1 684
43 21.1 663
43 21.1 670
42 21.1 665
42 20.9 680
41 20.9 681
41 20.9 643
41 20.9 618
41 21.0 601
43 21.0 628
43 21.0 589
42 21.0 627
42 21.0 588
42 21.0 622
43 21.0 596
43 21.0 573
43 21.0 602
43 21.0 606
43 21.0 641
45 21.0 641
45 20.7 653
45 20.9 626
47 20.9 661
47 20.9 639
47 20.9 671
46 20.9 674
46 20.9 695
46 20.9 688
44 20.9 674
43 20.9 710
43 20.9 695
43 21.0 663
43 21.0 688
43 21.0 665
43 21.0 626
43 20.9 594
45 20.9 632
45 20.9 624
45 21.0 586
44 21.0 587
44 21.0 602
44 21.0 601
44 21.2 568
44 21.2 586
44 21.2 587
44 21.2 610
44 21.2 619
44 21.1 658
44 21.1 629
44 21.1 619
44 21.4 614
44 21.4 602
44 21.4 609
46 21.4 604
45 21.1 632
45 21.1 622
45 21.1 630
45 21.0 658
46 21.0 632
44 21.0 626
44 21.0 646
44 21.0 673
45 21.0 672
45 21.0 661
45 20.9 652
45 20.9 654
45 21.0 662
45 21.0 685
45 21.0 673
45 21.0 698
45 21.2 698
45 21.2 684
45 21.2 681
46 21.2 649
48 21.2 682
48 21.4 680
48 21.3 646
48 21.3 685
48 21.1 685
46 21.1 678
46 21.3 641
46 21.3 621
46 21.3 625
46 21.3 640
46 21.3 659
46 21.5 691
48 21.7 688
48 21.5 719
48 21.5 701
48 21.5 701
47 21.5 685
47 21.4 664
47 21.4 680
47 21.4 655
47 21.6 692
48 21.6 657
48 21.6 652
48 21.6 622
48 21.7 653
48 21.7 646
46 21.7 676
46 21.7 667
46 21.5 628
46 21.3 623
46 21.3 643
46 21.3 666
46 21.3 633
46 21.1 648
46 21.1 635
46 21.1 667
45 21.1 679
44 21.3 703
44 21.3 689
44 21.3 678
44 21.3 702
44 21.3 704
44 21.0 680
44 21.0 645
43 21.0 628
43 21.0 606
41 21.0 595
41 21.0 596
41 21.0 627
41 21.0 627
41 21.0 663
41 21.1 627
41 21.0 617
41 21.0 614
41 21.0 629
41 21.2 643
43 21.2 680
43 21.2 683
43 21.2 655
43 21.2 683
43 21.4 673
45 21.4 660
45 21.4 698
45 21.3 690
45 21.1 655
45 21.1 638
45 21.1 671
45 21.2 632
45 21.2 631
43 21.2 627
43 21.2 603
43 21.1 632
43 21.1 593
43 21.1 591
41 21.1 576
39 21.0 559
39 21.0 573
39 21.0 604
39 21.0 611
39 20.9 643
39 20.9 619
39 20.9 622
39 20.9 649
39 20.8 628
39 20.8 591
38 20.7 619
38 20.7 645
38 20.7 607
38 20.7 612
38 20.9 631
38 21.1 658
38 21.1 641
38 21.1 619
38 21.1 641
37 21.3 664
37 21.3 650
37 21.3 631
37 21.3 669
39 21.1 636
39 21.1 649
39 21.1 625
39 21.1 663
39 21.1 676
39 21.2 658
38 21.1 650
38 21.1 650
38 21.1 671
36 21.1 668
36 21.2 630
36 21.2 599
36 21.2 599
35 21.1 626
35 21.1 591
35 21.1 582
35 21.1 570
36 21.1 586
36 21.1 587
36 21.1 618
36 21.1 602
36 20.9 630
36 20.9 611
36 20.9 611
36 20.9 574
36 20.9 570
36 20.9 534
36 20.9 559
36 20.9 564
36 21.1 599
35 21.1 614
37 20.9 627
37 21.2 627
37 21.4 626
37 21.4 645
39 21.4 610
39 21.4 593
39 21.4 631
40 21.4 599
40 21.4 599
42 21.4 636
42 21.4 661
42 21.4 671
42 21.4 667
44 21.2 630
44 21.2 663
44 21.2 638
44 21.2 629
44 21.2 665
44 21.0 633
44 21.0 627
44 21.0 651
44 21.0 638
44 21.0 642
45 21.1 634
45 21.1 618
45 21.1 602
45 21.1 613
46 20.9 630
46 20.9 665
46 20.9 697
47 20.7 658
47 20.7 624
47 20.8 612
49 20.8 632
49 20.8 653
49 21.0 634
49 21.0 630
49 21.0 614
49 21.0 650
49 21.0 674
49 21.0 642
49 20.8 620
49 20.9 651
49 21.1 630
49 21.1 632
47 21.1 643
47 21.1 616
47 20.9 644
47 20.8 629
45 20.8 656
45 20.8 645
45 20.8 622
47 20.8 628
47 20.8 603
47 20.9 627
47 20.9 632
49 20.9 635
48 20.9 634
48 20.9 618
48 20.9 644
48 20.9 611
48 20.9 611
47 21.0 643
47 21.0 620
47 21.0 587
47 21.0 587
47 21.0 618
47 21.2 594
47 21.2 612
47 21.2 629
47 21.3 631
47 21.3 604
46 21.3 632
47 21.3 620
47 21.3 659
47 21.3 659
47 21.3 666
47 21.5 640
47 21.5 666
47 21.5 670
47 21.5 704
47 21.5 728
47 21.7 705
47 21.9 671
47 21.7 665
47 21.6 647
48 21.6 645
48 21.7 667
48 21.7 674
48 21.6 691
48 21.6 691
48 21.6 688
48 21.6 662
48 21.5 685
48 21.5 685
48 21.4 707
48 21.4 688
48 21.4 676
48 21.4 684
48 21.4 681
48 21.5 718
48 21.5 688
48 21.5 701
48 21.6 696
48 21.6 681
48 21.6 697
48 21.6 661
48 21.6 629
49 21.6 628
49 21.6 624
50 21.4 655
50 21.4 688
49 21.4 704
49 21.4 697
49 21.2 671
51 21.2 696
51 21.0 663
51 20.9 702
51 20.9 669
53 20.9 641
53 20.7 652
53 20.7 621
53 20.7 631
53 20.7 628
53 20.7 642
51 20.6 636
51 20.5 624
51 20.5 618
51 20.5 645
51 20.5 664
51 20.5 699
49 20.6 693
49 20.6 660
49 20.6 639
49 20.6 642
49 20.6 644
48 20.6 621
48 20.6 598
48 20.8 580
48 20.8 568
46 20.8 582
46 20.8 606
44 20.8 637
44 21.0 598
44 21.0 625
45 21.0 591
45 21.0 605
45 20.8 609
45 20.8 628
44 20.8 619
44 20.8 593
44 20.9 578
46 21.1 550
46 21.1 566
45 21.1 592
45 21.1 567
45 21.1 584
45 20.8 597
45 20.9 622
43 20.9 622
43 20.9 631
43 20.9 639
43 20.9 636
43 21.1 614
43 21.1 580
43 21.1 592
43 21.0 616
43 21.0 643
43 21.0 655
42 21.0 626
42 21.0 612
42 21.2 645
42 21.2 620
42 21.1 590
41 21.1 609
43 21.1 610
43 21.1 638
42 21.1 613
42 21.1 595
42 21.2 597
42 21.2 610
42 21.2 622
43 21.2 594
43 21.2 603
43 21.0 626
43 21.0 596
43 21.0 576
41 21.0 602
41 21.0 626
41 21.0 658
41 21.0 648
41 21.0 638
42 20.8 655
42 20.8 647
42 20.8 628
42 20.8 657
41 21.0 644
41 21.2 658
43 21.2 641
43 21.2 604
43 21.2 629
43 21.2 631
42 21.1 637
42 21.1 599
42 21.2 560
42 21.2 592
42 21.2 573
43 21.2 604
43 21.1 592
43 21.1 620
43 21.1 624
43 21.1 587
41 21.2 620
41 21.2 639
41 21.2 650
41 21.2 644
41 21.2 635
41 21.4 597
41 21.4 620
41 21.4 656
41 21.4 630
41 21.4 669
41 21.5 651
41 21.5 614
39 21.5 619
39 21.5 632
39 21.6 631
39 21.6 594
39 21.6 605
39 21.6 601
39 21.6 593
41 21.6 572
41 21.6 591
41 21.4 597
41 21.4 594
41 21.4 618
39 21.4 586
39 21.4 601
39 21.2 581
39 21.4 600
39 21.4 602
38 21.4 566
38 21.4 539
38 21.4 556
38 21.4 584
37 21.4 566
37 21.4 588
37 21.5 605
37 21.5 610
37 21.3 636
37 21.3 646
37 21.2 610
37 21.2 641
37 21.3 602
37 21.3 639
36 21.3 610
35 21.1 626
35 21.1 599
35 21.1 600
35 21.1 615
35 21.3 614
35 21.3 582
35 21.3 563
35 21.3 597
35 21.3 620
35 21.0 658
35 21.0 679
35 21.0 653
35 20.9 619
35 20.9 628
35 20.9 662
35 20.9 677
33 20.9 700
35 20.9 687
35 20.9 656
36 20.9 645
36 20.9 643
36 20.9 605
36 21.1 621
36 21.1 583
36 21.1 615
36 21.1 623
36 20.9 649
35 20.9 646
35 20.9 667
35 20.9 700
37 20.9 704
37 20.9 675
37 20.9 651
37 20.9 681
35 20.9 669
35 20.8 662
35 20.8 695
35 20.8 661
34 20.8 629
34 20.8 658
34 20.8 638
33 20.8 660
35 20.8 651
35 20.7 630
35 20.9 634
35 20.9 659
35 21.1 632
35 21.1 669
33 21.1 635
33 21.1 669
33 21.1 677
33 20.9 673
33 20.9 673
33 20.9 667
33 20.9 648
33 20.9 671
33 21.0 671
35 21.0 638
35 21.0 650
35 21.0 622
35 21.0 619
35 21.0 612
35 21.0 635
35 21.2 634
35 21.2 672
35 21.2 645
35 21.2 623
34 21.2 654
34 21.2 619
34 21.2 609
34 21.2 581
34 21.2 573
36 21.2 610
36 21.0 622
36 21.0 606
36 21.0 624
36 21.0 590
34 21.1 597
34 21.1 619
34 21.1 635
34 21.1 607
34 21.1 600
34 21.1 608
34 21.1 634
34 20.9 643
34 20.9 620
34 20.9 639
34 21.0 651
34 21.0 644
34 21.0 611
34 21.1 617
36 21.1 605
36 21.1 628
36 21.3 660
36 21.3 694
36 21.3 717
36 21.1 678
36 21.1 692
36 21.1 723
38 20.9 695
38 20.9 671
38 20.9 708
38 20.9 709
38 21.0 676
40 21.0 655
40 21.0 633
41 21.0 617
41 21.0 627
41 21.0 623
40 21.1 653
40 21.1 630
40 20.9 652
40 20.8 684
40 20.8 709
40 20.8 670
40 20.8 706
40 20.8 690
40 20.7 727
40 20.7 712
41 20.7 742
41 20.7 739
41 20.9 700
41 20.9 734
43 20.9 716
43 20.9 686
43 20.9 660
42 20.7 660
42 20.7 633
42 20.7 670
42 20.5 656
41 20.5 646
41 20.5 662
41 20.5 658
41 20.7 629
41 20.7 624
41 20.7 592
41 20.9 619
41 20.9 630
39 20.9 643
39 20.7 645
39 20.7 647
39 20.9 676
40 21.0 646
40 21.0 614
40 21.0 606
40 21.3 611
40 21.3 603
23 30.9 857
23 31.7 853
23 31.7 829
22 31.7 867
22 31.4 885
22 31.4 852
22 31.4 856
22 31.4 869
21 31.4 904
21 31 934
21 31 928
21 31 935
21 31 928
23 31 890
23 31.2 860
23 31.2 880
23 31.2 895
23 31.2 878
23 31.1 898
23 31.1 859
21 30.3 832
22 30.3 862
22 29.9 847
22 29.9 838
22 29.9 876
22 29.9 868
24 29.9 881
24 29.2 873
24 29.2 911
24 29.2 949
24 29.2 966
24 28.4 964
24 28.4 958
23 28.4 960
23 28.4 941
23 28.6 973
23 28.6 952
23 28.6 967
22 28.6 975
22 28.6 943
24 29.5 968
24 29.5 939
24 29.5 914
24 29.5 891
24 30.2 928
26 29.6 930
26 29.2 899
26 28.7 931
26 28.7 925
26 28.7 924
26 29 905
28 29 896
28 29.2 869
30 29.2 832
30 29.2 870
32 29.2 902
32 29.2 902
32 29.2 900
32 29.2 875
32 28.9 896
32 28.9 865
32 29.2 875
32 29.2 844
32 29.2 859
32 29.2 843
33 29.6 882
33 29.6 888
33 29.6 923
33 29.6 929
33 30.3 902
33 30.3 879
35 30.8 881
35 30.8 881
35 30.8 892
35 30.8 859
35 30.1 859
35 29.4 852
35 29.4 857
35 28.9 887
35 28.9 923
34 28.9 952
34 28.9 974
34 28.2 951
32 28.2 935
32 28.2 921
32 28.2 933
30 28.2 906
30 28.5 937
30 28.5 956
30 28.5 933
30 28.5 900
30 29 899
29 29 877
29 29.4 880
29 29.4 913
31 29.2 922
31 29.2 914
31 29.9 939
31 29.9 928
33 29.9 949
33 29.4 986
33 29.4 985
33 29.4 972
33 29.4 957
33 29.2 996
33 29.2 961
33 29.2 957
32 29.1 953
32 29.1 922
32 29.1 941
32 28.3 949
32 28.3 916
30 28.3 925
30 29.2 945
29 29.2 933
29 28.9 924
29 28.9 952
29 28.9 944
27 28.9 943
27 28.9 909
27 28.9 925
27 28.9 912
27 28.9 884
27 28.9 901
27 28.3 866
27 28.9 862
25 28.9 894
25 28.5 882
27 28.5 861
27 28.5 850
27 28.4 860
27 28.4 876
28 28.4 860
28 27.5 860
28 27.5 863
28 27.5 862
28 27.5 864
28 27.5 833
28 27.5 852
28 27.9 885
28 27.9 867
28 27.8 906
28 27.8 924
28 27.8 909
28 27.8 901
28 27.4 870
26 27.4 903
26 27.4 867
26 27.4 859
26 27.7 835
28 27.7 862
28 27.7 870
28 28.6 876
29 28.6 897
29 28.6 881
29 29 902
31 29 869
31 29.2 863
31 29.1 893
31 29.1 929
31 29.1 921
30 29.1 919
30 30 896
30 30 902
30 30 924
30 29.3 917
30 29.3 882
30 29.3 889
30 29.3 872
30 29.3 854
28 29.3 856
28 29.3 888
28 30.1 862
28 30.1 885
27 30.1 877
27 30.1 848
27 30.1 865
27 30.1 899
27 30.1 914
27 29.7 890
27 29.7 922
28 29.7 931
28 29.7 920
28 29.7 939
28 29.2 924
29 29.2 953
29 29.2 924
29 29.2 932
30 28.8 900
30 29.2 922
30 29.2 888
30 29.2 861
30 29.2 891
30 29.3 930
30 29.3 915
31 29.3 954
31 29.3 948
32 29.7 945
32 29.7 968
33 29.7 937
33 29.1 940
33 29.1 912
33 29.1 935
32 28.8 910
32 28.8 873
32 28.8 852
32 28.8 881
32 28.8 906
30 29 889
30 29.2 912
30 28.3 919
30 28.3 927
31 28.3 933
31 28.3 910
31 28.3 940
31 28.9 949
31 28.9 914
32 28.9 902
32 28.9 896
31 28.9 918
31 29.3 911
31 29.3 887
31 30.2 858
31 30.6 858
29 30.6 863
28 30.6 874
29 30.6 843
29 30.6 862
29 30.6 895
29 29.9 925
27 29.9 921
27 29.2 928
27 29.2 927
27 29.2 914
27 29.2 875
27 29.2 875
27 29.2 884
27 29.7 900
28 29.7 899
28 29.7 935
28 29.7 959
28 29.7 950
28 30 924
28 30 895
28 30 927
30 30 927
30 30.6 904
30 30.6 929
32 30.6 902
32 30.6 917
32 29.7 931
32 29.7 915
31 29.7 884
31 28.8 853
31 28.8 847
31 28.8 869
30 29.6 900
30 29.6 926
30 29.6 927
32 29.6 912
32 29.6 946
32 29.1 979
32 29.1 973
32 29.1 937
32 29.1 932
32 29.1 962
32 29.8 959
32 29.8 950
32 29.8 940
30 29.8 940
30 29.8 922
29 29.7 939
29 29.7 968
29 29.7 951
29 29.7 947
29 30.3 917
28 30.3 897
30 30.3 924
30 30.3 955
30 30.3 942
30 30.2 934
28 30.2 906
28 30.2 913
28 30.2 937
28 30.2 924
28 30 957
26 30 989
26 30 989
26 30 981
26 30 942
25 30.3 908
25 30.9 877
25 30.9 879
25 30.9 894
25 30.9 894
23 30.9 907
23 30.9 907
23 30.3 908
23 30.8 892
25 30.6 910
25 30.6 900
25 31.5 900
25 32 901
24 32 888
24 32 874
24 32 862
26 32 869
26 31.1 899
26 31.1 878
26 31.6 884
26 31.6 920
28 31.6 950
28 31.6 925
28 32.5 942
29 32.5 914
29 32.5 887
29 32.5 898
29 32.2 919
29 32.2 907
29 32.2 868
29 32.2 886
29 32.2 890
27 32.2 856
27 32.2 861
27 32.2 864
27 33.1 847
29 33.1 853
29 33.1 892
29 33.1 888
30 32.6 860
30 32.6 877
30 32.6 912
30 32.6 939
30 33.2 930
31 33.2 917
31 33.2 918
29 33.2 937
29 33.2 902
29 33.8 874
29 33.8 892
29 33.5 914
28 33.5 903
28 33.5 905
28 33.5 895
28 33.5 915
28 33.1 880
26 33.1 909
25 33.1 932
25 33.1 914
25 33.1 909
25 32.2 920
25 32.1 955
25 31.6 921
26 31.9 919
26 31.9 889
26 31.9 896
26 31.9 893
26 31.1 859
26 31 884
26 31 914
26 31 947
26 31 918
27 31 914
27 30.5 901
27 30.5 870
28 30.5 909
28 30.5 907
28 30.5 897
28 30.6 913
28 30.6 875
28 30.8 865
28 30.8 871
28 30.6 896
26 30.6 886
27 30.6 893
27 30.6 892
27 30.6 892
27 30.3 925
27 30.3 915
29 30.3 952
29 30.3 949
29 30.8 944
28 30.8 954
28 30.8 933
28 30.8 940
27 30.8 935
27 30 950
26 30 951
26 30 913
26 30 888
26 29.7 871
28 29.7 898
28 29.7 859
27 29.7 897
27 29.7 858
27 29.6 892
28 29.6 866
28 29.6 843
28 29.6 872
28 29.6 876
28 29.6 911
30 29.6 911
30 28.7 923
30 29.3 896
32 29.3 931
32 29.3 909
32 29.3 941
31 29.3 944
31 29.3 965
31 29.3 958
29 29.3 944
28 29.3 980
28 29.3 965
28 29.8 933
28 29.8 958
28 29.8 935
28 29.8 896
28 29.4 864
30 29.4 902
30 29.4 894
30 29.9 856
29 29.9 857
29 29.9 872
29 29.9 871
29 30.5 838
29 30.5 856
29 30.5 857
29 30.5 880
29 30.5 889
29 30 928
29 30 899
29 30.3 889
29 31.2 884
29 31.2 872
29 31.2 879
31 31.2 874
30 30.3 902
30 30.3 892
30 30.3 900
30 29.9 928
31 29.9 902
29 29.9 896
29 29.7 916
29 29.7 943
30 29.7 942
30 29.7 931
30 29.3 922
30 29.3 924
30 29.9 932
30 29.9 955
30 29.9 943
30 29.7 968
30 30.6 968
30 30.6 954
30 30.6 951
31 30.6 919
33 30.6 952
33 31.5 950
33 30.9 916
33 30.9 955
33 30.2 955
31 30.2 948
31 30.9 911
31 30.9 891
31 30.9 895
31 30.9 910
31 30.9 929
31 31.8 961
33 32.6 958
33 33.4 989
33 33.3 971
33 33.3 971
32 33.3 955
32 33 934
32 33 950
32 33 925
32 33.7 962
33 33.7 927
33 33.7 922
33 33.7 892
33 34.3 923
33 34.3 916
31 34.3 946
31 34.3 937
31 33.4 898
31 32.6 893
31 32.6 913
31 32.6 936
31 32.6 903
31 31.9 918
31 31.9 905
31 31.9 937
30 31.9 949
29 32.7 973
29 32.4 959
29 32.4 948
29 32.4 972
29 32.4 974
29 31.5 950
29 31.5 915
28 31.5 898
28 31.5 876
26 31.2 865
26 31.2 866
26 31.2 897
26 31.2 897
26 31.2 933
26 31.6 897
26 31.5 887
26 31.5 884
26 31.5 899
26 30.7 913
28 30.7 950
28 30.7 953
28 30.7 925
28 30.7 953
28 31.2 943
30 31.2 930
30 31.2 968
30 30.9 960
30 30.3 925
30 30.3 908
30 30.3 941
30 30.6 902
30 30.6 901
28 30.6 897
28 30.6 873
28 30.1 902
28 30.1 863
28 30.1 861
26 30.1 846
24 29.8 829
24 29.8 843
24 29.8 874
24 29.8 881
24 29.5 913
24 29.5 889
24 29.5 892
24 29.5 919
24 29 898
24 29 861
23 28.5 889
23 28.5 915
23 28.5 877
23 28.5 882
23 29.3 901
23 30 928
23 30 911
23 30 889
23 30 911
22 30.9 934
22 30.9 920
22 30.9 901
22 30.9 939
24 30.1 906
24 30.1 919
24 30.1 895
24 30.1 933
24 30.1 946
24 30.5 928
23 30.2 920
23 30.2 920
23 30.2 941
21 30.2 938
21 30.7 900
21 30.7 869
21 30.7 869
20 30.2 896
20 30.2 861
20 30.2 852
20 30.2 840
21 30 856
21 30.1 857
21 30.3 888
21 30.3 872
21 29.5 900
21 29.5 881
21 29.5 881
21 29.3 844
21 29.3 840
21 29.3 804
21 29.3 829
21 29.3 834
21 30 869
20 30 884
22 29.5 897
22 30.4 897
22 31.2 896
22 31.2 915
24 31.4 880
24 31.4 863
24 31.4 901
25 31.4 869
25 31.2 869
27 31.2 906
27 31.2 931
27 31.2 941
27 31.2 937
29 30.4 900
29 30.4 933
29 30.4 908
29 30.4 899
29 30.4 935
29 29.6 903
29 29.6 897
29 29.6 921
29 29.6 908
29 29.6 912
30 30.1 904
30 30.1 888
30 30.1 872
30 30.1 883
31 29.3 900
31 29.3 935
31 29.3 967
32 28.7 928
32 28.7 894
32 28.9 882
34 28.9 902
34 28.9 923
34 29.7 904
34 29.7 900
34 29.6 884
34 29.6 920
34 29.6 944
34 29.6 912
34 28.9 890
34 29.2 921
34 30 900
34 30 902
32 30 913
32 30 886
32 29.2 914
32 29.1 899
30 29.1 926
30 29.1 915
30 29.1 892
32 29.1 898
32 29.1 873
32 29.2 897
32 29.2 902
34 29.2 905
33 29.2 904
33 29.2 888
33 29.2 914
33 29.2 881
33 29.2 881
32 29.8 913
32 29.8 890
32 29.8 857
32 29.8 857
32 29.8 888
32 30.5 864
32 30.5 882
32 30.5 899
32 31 901
32 31 874
31 31 902
32 31 890
32 30.8 929
32 30.8 929
32 30.8 936
32 31.7 910
32 31.7 936
32 31.7 940
32 31.7 974
32 31.7 998
32 32.4 975
32 33.3 941
32 32.7 935
32 33.2 917
33 33.2 915
33 33.5 937
33 33.5 944
33 33.3 961
33 33.3 961
33 33.3 958
33 33.3 932
33 32.7 955
33 32.7 955
33 32.3 977
33 32.3 958
33 32.3 946
33 32.3 954
33 32.3 951
33 32.9 988
33 32.9 958
33 32.9 971
33 33.1 966
33 33.1 951
33 33.1 967
33 33 931
33 33 899
34 33.1 898
34 33.1 894
35 32.2 925
35 32.2 958
34 32.2 974
34 32.2 967
34 31.7 941
36 31.7 966
36 30.8 933
36 30.3 972
36 30.3 939
38 30.3 911
38 29.7 922
38 29.7 891
38 29.7 901
38 29.7 898
38 29.7 912
36 29.2 906
36 28.6 894
36 28.6 888
36 28.6 915
36 28.6 934
36 28.6 969
34 29.2 963
34 29.2 930
34 29.2 909
34 29.3 912
34 29.3 914
33 29.3 891
33 29.3 868
33 30.1 850
33 30.1 838
31 30.1 852
31 30.1 876
29 30.1 907
29 30.9 868
29 30.9 895
30 30.9 861
30 30.9 875
30 30.1 879
30 30.1 898
29 30.1 889
29 30.1 863
29 30.4 848
31 29.8 820
31 29.8 836
30 29.8 862
30 29.8 837
30 29.8 854
30 28.9 867
30 29.2 892
28 29.2 892
28 29.2 901
28 29.2 909
28 29.2 906
28 30.1 884
28 30.1 850
28 30.1 862
28 29.6 886
28 29.6 913
28 29.6 925
27 29.4 896
27 29.4 882
27 30.2 915
27 30.2 890
27 29.8 860
26 29.8 879
28 29.8 880
28 29.8 908
27 29.8 883
27 29.8 865
27 30.4 867
27 30.4 880
27 30.4 892
28 30.4 864
28 30.4 873
28 29.6 896
28 29.6 866
28 29.6 846
26 29.6 872
26 29.6 896
26 29.6 928
26 29.6 918
26 29.6 908
27 30.3 925
27 30.3 917
27 30.3 898
27 30.3 927
26 30.9 914
26 30.2 928
28 30.2 911
28 30.2 874
28 30.2 899
28 30.2 901
27 30.1 907
27 30.1 869
27 30.5 830
27 30.5 862
27 30.5 843
28 30.5 874
28 30 862
28 30 890
28 30 894
28 30 857
26 30.3 890
26 30.3 909
26 30.3 920
26 30.3 914
26 30.3 905
26 31 867
26 31 890
26 31 926
26 31 900
26 31 939
26 31.5 921
26 31.5 884
24 31.5 889
24 31.5 902
24 32.1 901
24 32.1 864
24 32 875
24 32 871
24 32 863
26 32 842
26 32 861
26 32.9 867
26 32.9 864
26 32.9 888
24 32.9 856
24 32.9 871
24 32.3 851
24 31.6 870
24 31.6 872
23 31.6 836
23 31.6 809
23 31.5 826
23 31.5 854
22 31.5 836
22 31.5 858
22 31.9 875
22 31.9 880
22 31.1 906
22 31.1 916
22 30.6 880
22 30.6 911
22 31.1 872
22 31.1 909
21 31.1 880
20 30.5 896
20 30.5 869
20 30.5 870
20 30.5 885
20 31 884
20 31 852
20 31 833
20 31 867
20 31 890
20 30.1 928
20 30.1 949
20 30.1 923
20 29.6 889
20 29.6 898
20 29.6 932
20 29.6 947
18 29.6 970
20 29.6 957
20 29.6 926
21 29.6 915
21 29.6 913
21 29.6 875
21 30.4 891
21 30.4 853
21 30.4 885
21 30.4 893
21 29.5 919
20 29.5 916
20 29.5 937
20 29.5 970
22 29.5 974
22 29.5 945
22 29.5 921
22 29.6 951
20 29.6 939
20 29.1 932
20 29.1 965
20 29.1 931
19 29.1 899
19 29.1 928
19 29.1 908
18 29.1 930
20 29.1 921
20 28.7 900
20 29.5 904
20 29.5 929
20 30.3 902
20 30.3 939
18 30.3 905
18 30.3 939
18 30.3 947
18 29.4 943
18 29.4 943
18 29.4 937
18 29.4 918
18 29.4 941
18 29.8 941
20 29.8 908
20 29.8 920
20 29.8 892
20 29.8 889
20 29.8 882
20 29.8 905
20 30.7 904
20 30.7 942
20 30.7 915
20 30.6 893
19 30.7 924
19 30.7 889
19 30.7 879
19 30.7 851
19 30.7 843
21 30.7 880
21 30 892
21 30 876
21 30.1 894
21 30.1 860
19 30.3 867
19 30.3 889
19 30.3 905
19 30.3 877
19 30.3 870
19 30.4 878
19 30.4 904
19 29.6 913
19 29.6 890
19 29.6 909
19 30.1 921
19 30.1 914
19 30.1 881
19 30.3 887
21 30.3 875
21 30.3 898
21 31.2 930
21 31.2 964
21 31.2 987
21 30.3 948
21 30.3 962
21 30.3 993
23 29.4 965
23 29.4 941
23 29.4 978
23 29.4 979
23 30 946
25 30 925
25 30 903
26 30 887
26 29.8 897
26 29.8 893
25 30.4 923
25 30.4 900
25 29.5 922
25 29.3 954
25 29.2 979
25 29.2 940
25 29.2 976
25 29.2 960
25 28.8 997
25 28.7 982
26 28.7 1012
26 28.7 1009
26 29.5 970
26 29.5 1004
28 29.5 986
28 29.5 956
28 29.5 930
27 28.6 930
27 28.6 903
27 28.6 940
27 28 926
26 28 916
26 28 932
26 28 928
26 28.8 899
26 28.8 894
26 28.8 862
26 29.5 889
26 29.5 900
24 29.5 913
24 28.8 915
24 28.8 917
24 29.4 946
25 30.1 916
25 30.1 884
25 30.1 876
25 31 881
25 31 873
52 30.4 410
52 30.4 434
50 30 463
50 31.7 464
50 30.5 443
51 30.5 476
49 30.6 450
49 30.6 465
49 28.9 500
47 28.9 486
47 30.3 504
49 30.3 501
49 28.9 486
49 28.9 477
50 28.5 499
50 28.5 512
50 27.7 513
51 27.7 535
53 29.2 504
53 28.6 539
53 28.8 576
53 30 573
53 30 548
54 29.1 564
54 29.1 530
54 30.3 492
54 31 455
56 31.5 470
55 31.5 503
55 32.8 478
56 32.8 456
56 32.7 482
56 32.7 521
56 31.8 487
56 30 462
54 30 501
54 30.7 484
56 31.2 457
56 31.2 434
57 30.1 412
57 30.1 425
56 30.8 445
56 28.9 459
57 30.7 459
57 30.7 469
59 31.1 474
61 30.3 452
63 30.8 454
63 30.8 457
63 30.8 486
62 29.1 486
62 28.4 466
62 28.9 431
62 27.2 400
62 28.8 368
64 28.8 359
64 30.7 374
62 29.5 386
60 28.8 409
60 30.3 379
60 30.3 400
58 31.6 428
58 30.3 450
58 30 417
58 31.8 405
60 32.8 438
60 30.9 414
60 30.9 385
60 30.8 406
60 29.5 369
62 29.5 368
63 31 375
62 29.9 394
62 29.9 418
62 30.6 442
64 28.8 481
64 28.8 505
63 27.8 493
63 28.1 493
63 28.1 466
61 28.3 487
60 28.3 503
60 29.6 500
60 30.2 489
58 30.2 513
60 30 481
60 30 477
59 30.5 456
59 30 430
59 31.6 463
57 29.9 435
57 30.2 434
57 30.2 436
57 29.1 455
57 29.4 423
55 27.7 457
55 27.7 470
56 26.6 455
56 26.6 457
56 26.2 426
54 27.5 438
54 27.5 441
54 27.9 410
54 29.2 374
54 29.2 412
54 28.3 436
54 27.7 410
56 27.8 386
56 27.6 365
57 27.6 363
57 28.6 399
58 29.4 431
56 29.4 407
56 30.3 369
57 31.6 343
57 31.6 336
57 30.1 352
56 30.1 368
55 30.1 370
55 31.9 344
55 31.6 309
54 31.6 346
54 30.7 316
53 30.7 312
52 29 322
52 30.2 356
50 30.1 361
49 29.7 395
49 30.9 426
47 31.3 448
47 29.9 421
47 30 460
47 28.5 456
49 28.5 476
50 29.9 498
50 29.9 521
51 28.8 511
51 29.6 534
50 29.3 509
50 29.3 472
49 30.2 501
49 30.2 528
50 31.2 511
50 31.4 534
49 32.1 552
49 32.1 560
50 32.7 526
50 32.7 503
50 31.3 482
50 30.6 517
52 29.8 517
52 29.8 478
54 30.7 486
54 30.7 471
53 29.8 463
53 29.8 463
51 29.8 468
50 29.8 457
51 28.7 439
52 28.7 403
50 28.7 371
50 27 378
50 27 381
50 28.3 396
50 28.3 420
50 28.3 429
50 29.9 447
50 31.6 482
50 31.6 490
48 30.5 464
47 31.7 475
47 30 468
47 30 493
47 31.8 466
49 30.9 464
48 30.9 462
48 30.2 444
47 30.2 483
47 31 496
47 30.7 494
49 29.1 479
49 30.9 477
48 30.9 450
48 32.8 486
49 32.8 516
49 33.5 513
49 33.5 503
47 33.5 485
47 33.5 467
47 32.1 496
47 33.8 492
47 33.2 462
46 33.2 442
48 33.9 408
49 34.4 404
49 33.6 421
49 33.6 445
49 33.1 441
47 34.3 408
46 34.3 369
46 32.4 382
46 32.4 382
46 30.8 357
47 32.4 357
47 32.4 383
47 32.4 409
48 32.4 373
48 31.2 375
48 29.4 341
48 29.4 350
46 29.9 351
45 29.9 354
45 30.4 361
45 30.4 400
46 31.9 406
46 33.5 421
46 33.5 422
46 32.8 391
48 32.8 353
46 31.8 326
47 31.8 323
47 31.7 344
47 31.9 362
47 31.5 366
47 32.5 371
47 32.2 380
47 30.6 419
47 30.2 422
45 30.2 394
45 30.3 421
46 30.3 430
46 31 417
47 31 401
48 31.3 380
48 31.3 378
50 31 400
50 31 379
50 31 381
50 31 404
50 31 404
48 31.9 426
48 30.1 431
50 30.1 442
50 31.6 410
52 30.7 435
52 30.7 422
51 29.7 404
52 29.7 401
52 28.9 435
52 29 460
52 29 484
52 28.1 450
52 29.9 482
52 29.9 493
51 30.2 506
49 30 494
49 31.8 456
49 31.8 476
49 31.2 439
51 31.1 411
51 31.1 443
51 32.1 479
51 32.1 479
50 33.4 489
52 33.4 492
54 33.4 487
53 31.6 514
53 31.6 476
53 31.6 494
55 33.2 512
55 33.2 474
55 32.7 435
55 31 463
55 31 492
54 32.5 456
54 32.5 490
55 31.9 467
55 31.9 438
54 30 464
56 28.2 490
56 27.6 461
57 28.2 439
57 28.2 463
58 29.1 468
60 29.1 457
58 29.1 427
58 27.3 390
58 29 397
57 29.9 436
57 29.9 471
57 29.1 470
57 29.1 432
56 30.8 411
56 30.8 415
55 28.9 418
55 28.9 401
56 28.8 385
56 28.8 405
56 27 418
54 27.4 421
52 27.4 416
52 25.7 386
51 25.7 408
51 27.4 437
52 25.5 461
52 25.5 469
52 25.6 467
50 26.4 471
50 26.4 469
48 27.7 483
48 27.8 444
46 27.4 435
46 28.7 455
47 29.3 443
48 29.3 431
48 30.5 399
49 31.4 399
51 31.4 396
52 30.2 398
52 30.2 424
52 31 457
52 31 473
52 31 503
50 31 483
50 31.4 496
48 31.4 460
48 32.6 459
47 30.9 435
47 30.9 473
49 30.8 483
49 30.8 446
47 29.9 469
47 29.9 466
48 30 471
48 28.3 460
48 27.3 451
48 27.3 432
48 27.3 462
48 27.3 453
46 29.2 445
48 29.2 453
48 29.9 476
48 28.5 458
48 29.8 478
49 29.8 463
50 28.5 491
50 28.5 515
50 29.9 481
50 29.9 505
52 29 529
52 30.5 529
52 30.5 529
52 29.4 506
51 29.4 507
51 29.1 476
49 30.5 471
51 28.9 449
51 30 475
50 30 513
50 30.8 527
52 30.8 564
52 31.1 561
50 30 540
50 30.3 578
48 30.3 570
48 28.7 563
48 29.5 560
50 29.5 570
49 28.4 597
49 28.8 573
49 29.7 563
49 29.7 561
47 28.2 553
45 27.9 536
45 29.3 534
46 30.6 520
46 30.2 523
46 30.9 524
46 30.9 503
46 29.2 542
45 30.2 528
45 30.2 502
45 28.4 518
45 30.1 545
45 29.4 546
45 29.4 508
44 30.3 531
44 28.4 528
44 28.4 511
42 29.7 540
42 29.7 554
42 30.7 567
42 32.1 549
41 31.3 549
42 31.3 527
42 30.7 502
40 32.3 472
40 32.3 451
42 33 415
42 33 443
42 32 459
42 32 495
44 33.2 526
44 33.2 513
44 32.8 475
44 33.6 456
46 33.6 417
46 33.2 381
46 33.2 406
46 32.7 441
48 32.7 443
48 31.3 458
50 30.8 471
51 30.8 488
49 30.9 504
49 29.9 487
49 28.1 452
47 29.4 452
49 29.4 415
50 31.3 422
52 31.3 394
52 29.6 407
50 30.1 398
51 30.1 366
51 29.1 360
51 27.8 364
51 27.8 364
51 28.6 400
51 28.6 396
51 29.6 402
51 29.6 429
51 30.7 411
51 30.7 418
50 28.8 444
50 29 448
52 29 468
53 29.8 449
53 29.8 484
53 28.2 450
55 28.2 474
55 29.4 473
53 29.2 465
55 29.2 434
57 29.3 415
58 27.6 426
56 27.6 387
56 28 415
55 29.2 409
53 29.9 398
53 29.9 429
53 29.5 451
53 29.5 419
53 28.2 449
53 28.7 414
53 28.7 424
53 29.7 423
51 29.7 407
51 30.3 432
51 29 465
51 29 503
50 30.6 535
50 30.6 512
50 30.6 491
50 30.6 488
49 29.7 499
49 29.7 516
50 29.9 540
50 29.2 525
51 30.9 523
51 30.9 562
51 32.1 557
51 32.8 548
51 32.8 522
51 32.2 526
53 30.4 509
53 30.4 474
53 28.5 508
51 28.5 523
52 28.7 502
54 28.7 505
54 29.4 483
52 28.9 470
53 28.8 496
55 27.8 496
55 29.6 472
57 31.5 469
57 31.5 505
58 30.6 478
58 30.6 491
58 30.8 476
58 30.8 502
56 32.4 466
56 32.4 504
58 31.9 492
60 31.9 492
61 31.9 473
61 32.2 508
61 30.6 470
63 30.6 436
61 31.9 415
62 31.9 410
62 32.9 438
61 32.9 449
61 31.8 443
60 30 410
62 30 424
60 31.5 414
60 31.5 398
59 30.9 423
59 30.9 450
60 32.4 483
62 32.4 492
62 30.9 464
60 30.9 467
61 29.4 444
61 29.4 424
60 29.5 412
60 27.7 426
60 27.7 456
58 29.6 428
58 29.6 434
58 31.4 400
58 30 362
56 30.9 341
54 30.9 367
55 29.4 396
53 29.4 418
52 29 450
52 29.6 435
52 29.6 431
52 27.7 418
52 28.2 410
52 28.2 410
52 29 374
52 29 371
52 28.8 405
51 28.8 378
50 30.7 362
51 30.7 373
49 29.1 357
49 30.5 375
51 30 379
51 29 383
50 29 380
50 29.7 389
48 31.5 417
47 31.5 432
47 31.7 419
47 31.7 443
47 30.9 481
48 31.8 519
48 31.5 545
48 30.8 515
50 30.8 541
50 31.2 503
51 30.3 468
51 31.3 461
50 32.6 498
50 33.6 459
50 33.6 472
50 31.9 486
52 31.9 469
53 30.6 483
53 29.4 462
55 29.4 496
55 27.9 474
53 27.9 489
53 29 526
53 27.5 488
53 27.9 505
52 27.9 492
52 28.8 511
52 28.8 505
52 29.7 532
51 29.1 555
51 29.1 591
51 28.5 552
52 30.3 573
50 28.5 586
50 28 570
50 28 609
50 29.7 593
50 29.3 593
52 29.3 572
52 31.2 591
50 31.2 620
49 31.5 652
49 30 649
48 29.2 641
49 29.2 637
49 28.4 601
48 30 575
48 29.2 546
48 30.7 568
48 30.7 592
47 30.3 597
47 30.3 569
48 31.8 564
48 30.7 589
46 29 561
46 28.9 532
45 28.3 548
44 28.9 570
46 29.2 585
45 29.2 557
45 27.3 523
46 27.3 495
46 27.1 486
48 27.1 507
48 27.7 487
48 28.8 456
47 28.8 446
47 30.2 418
49 30.2 399
49 29.5 427
48 29.5 433
48 29.9 469
49 29.9 439
49 29.7 464
51 29.7 454
51 30.9 427
51 29 453
50 30.6 485
50 30.6 518
48 29.6 484
48 29.6 453
49 30.6 468
49 30.5 478
49 30.5 511
49 31.9 496
47 31.9 480
47 31 500
47 30.3 500
49 30.2 493
49 29.9 496
49 29.9 477
47 29.9 514
47 29.9 501
47 31.5 500
47 31.1 500
47 29.9 494
47 28.2 515
47 28.2 492
45 28.2 520
45 28.5 517
43 28.5 540
43 30.4 502
43 30.4 475
43 30.3 453
42 31.4 484
42 31.4 449
40 30.4 421
38 31.5 384
36 31.5 396
36 29.9 365
34 29.9 393
34 29.4 425
35 29.4 460
36 28.6 453
36 29.5 464
38 29.5 485
38 30.4 504
38 30.4 512
39 32.3 473
39 30.8 437
38 30.1 404
38 30.1 416
39 31 404
41 29.4 382
41 29.8 350
41 31.3 362
41 31.3 393
43 29.4 365
43 29.8 400
43 29.8 426
42 29.2 447
42 29.2 425
43 27.9 400
44 27.9 375
45 28.9 352
45 28 374
44 29.2 413
44 29.2 408
45 28.2 444
44 29.6 481
44 29.5 499
44 29.5 537
44 27.6 571
46 27.6 553
46 28.6 545
48 30.3 540
48 30.3 539
49 32 523
49 33.4 562
50 33.4 593
50 32.6 576
50 32.6 613
52 30.9 588
52 30.9 570
52 31.1 568
53 31.1 562
53 30.5 591
54 28.8 559
54 30 598
56 28.5 564
56 26.8 587
56 26.8 581
55 26.8 588
55 26.8 561
55 26.8 552
55 27 587
54 27.2 550
54 27.2 554
56 27.4 521
54 27.4 536
54 28.6 504
52 28.6 540
54 30.2 504
52 29.1 469
52 29.1 456
50 27.8 466
50 27.8 479
52 29.7 472
52 29.7 494
54 30 483
54 30 522
52 31.6 540
51 31.3 556
51 31.3 532
49 30.5 515
49 30.5 492
48 29.9 474
46 30.9 435
46 29.1 423
47 30.3 406
49 29 409
49 29.5 385
51 29.5 378
49 31.4 406
50 31.4 425
50 33 460
51 31.9 425
52 31.9 418
52 30.1 402
52 30.1 379
52 29.3 399
50 29.3 395
50 29.6 420
52 30.7 436
52 30.5 451
54 29.8 435
54 31.1 466
53 31.1 495
53 29.7 462
51 27.9 470
53 27.9 485
51 28 485
51 28 461
52 28.6 443
52 28.8 463
52 28.8 438
52 29.2 412
52 30.2 434
52 31.5 421
52 31.6 438
53 31.6 402
53 30.5 416
53 30.5 404
51 29.5 402
50 29.6 405
50 29.6 383
50 30.9 352
50 29.4 370
50 27.7 405
49 27.7 401
47 28.6 365
47 28.6 378
48 27.9 407
50 27.9 428
50 26.6 445
50 26.6 422
48 27.6 442
48 27.6 449
48 28.3 470
50 30.1 483
50 30.1 451
52 29.5 416
54 29.5 423
53 28.4 397
53 26.7 412
53 26.7 442
53 26.3 447
52 25 458
52 25 419
54 26.7 445
54 26.7 451
54 28.5 428
53 29.8 466
53 31.3 467
52 31.3 479
52 30.8 500
52 30.8 467
53 30.9 447
53 32.3 449
53 33.9 422
55 33.9 412
54 32 374
54 32 347
54 30.6 323
54 30.6 344
54 29 357
54 29 369
52 30.8 349
52 31.2 367
50 31.2 372
50 30.6 382
51 30.6 372
51 28.9 359
50 29.2 362
50 29.2 359
50 29.2 368
50 30 400
49 30.1 380
49 30.7 344
49 29.2 371
49 30.5 368
50 30.5 405
49 31.1 431
49 33 392
50 31.5 410
51 30.5 386
51 30.2 376
49 30.2 346
51 29.7 347
51 28 337
51 28 327
51 29 348
51 29 314
49 29.2 329
49 28.7 329
48 28.7 323
48 29.3 342
47 29.3 343
47 27.4 373
46 27.4 339
46 28.2 354
44 28.2 362
44 28.2 379
44 28.2 386
45 27.1 388
45 28.1 424
43 29.4 438
43 29.3 412
41 29.3 401
41 29.4 370
43 30.7 384
43 30.7 381
45 29.8 407
45 29.8 432
43 29.6 417
41 29.6 408
41 29.1 445
40 27.7 484
40 29.6 447
39 29.6 456
37 30.4 485
37 31 453
37 31 422
37 31.5 446
35 31.4 464
35 31.4 486
35 32.2 508
35 33.9 487
36 33.1 483
36 32 461
34 32.7 439
34 31.5 434
35 30.9 438
37 30.2 401
37 30.2 384
38 32 353
38 32 361
38 33.6 390
39 33.6 408
39 33.1 420
37 33.1 413
37 34.6 431
37 34.6 403
37 32.7 442
37 32 460
37 33.6 423
39 35.3 398
39 33.7 393
39 32.7 402
39 32.7 415
40 32.9 430
40 32.9 454
39 31.7 447
39 32.8 479
39 32.8 493
39 32 456
38 30.1 436
39 30.1 452
41 28.9 445
41 28.1 460
39 28.1 452
39 28 463
37 28 473
37 29.9 451
37 29.9 463
39 30.4 462
38 28.6 494
39 28.6 496
37 28.8 467
38 28.8 440
36 28.7 447
36 28.7 486
36 30.4 480
36 31.9 510
36 32.7 546
37 33.7 521
37 32.4 506
37 32.4 498
39 31.8 484
39 31.8 482
38 31.7 499
40 31.4 513
40 31.4 481
42 30.3 469
40 30.3 477
38 29.5 442
38 27.6 440
39 28.6 436
39 28.6 434
40 26.8 441
40 26.8 425
41 27.6 402
41 28.2 376
40 29.2 360
40 29.2 367
40 30.7 403
38 30.7 404
38 29.5 392
38 29.5 420
36 27.8 434
36 29.7 396
37 29.7 409
37 28.8 447
38 29.4 456
38 29.4 480
37 30 483
37 30.6 511
38 30.6 550
39 31.9 523
37 31.7 522
36 29.8 547
36 30.4 541
38 30.4 570
38 29.7 555
38 29.7 539
38 30.2 532
38 28.6 535
40 28.6 552
38 30.2 537
38 30.2 511
38 31.4 537
36 31.4 512
36 31.8 497
38 31.6 477
36 29.7 490
36 29.7 518
34 29.5 510
36 29.8 477
38 30.5 500
36 30.5 538
36 30.5 561
35 29 552
33 29 561
33 29.4 561
33 29.7 544
34 29.7 554
34 30.5 571
33 30.5 547
33 30.7 539
31 30.2 539
31 30.2 535
31 30.5 513
31 30.5 508
73 27.2 707
73 27.2 734
73 27.2 734
73 27.3 716
73 27.3 742
72 27.3 737
72 27.3 737
72 27.2 714
74 27.2 725
74 27.2 686
74 27.0 686
74 27.0 719
74 27.0 719
74 26.8 702
74 26.8 702
74 26.8 706
74 26.8 735
74 26.8 735
74 26.7 721
74 26.7 721
74 26.7 715
74 26.7 698
74 26.7 698
74 26.5 720
74 26.5 740
74 26.5 740
74 26.5 755
74 26.6 752
72 26.6 788
72 26.4 788
72 26.6 789
72 26.6 789
72 26.6 761
74 26.7 731
74 26.7 731
74 26.6 716
74 26.6 716
75 26.6 692
75 26.6 701
75 26.5 704
75 26.5 696
75 26.5 696
75 26.5 705
75 26.5 743
75 26.5 743
77 26.5 758
77 26.5 726
77 26.5 726
77 26.7 748
77 26.7 748
77 26.7 750
79 26.8 720
79 26.8 728
79 26.7 736
79 26.7 699
77 26.5 691
77 26.6 691
77 26.6 723
77 26.6 761
77 26.6 761
76 26.8 735
76 26.8 770
76 26.8 795
76 26.8 795
76 26.9 774
78 26.9 774
78 26.9 739
78 26.9 731
78 26.8 731
78 26.6 732
78 26.7 747
80 26.7 747
80 26.7 735
80 26.7 735
80 26.7 768
78 26.7 793
78 26.7 793
78 26.7 768
78 26.6 768
76 26.6 735
76 26.6 735
76 26.6 752
76 26.6 752
76 26.6 784
74 26.6 784
74 26.5 759
73 26.5 738
73 26.5 713
73 26.5 713
73 26.5 691
73 26.5 691
74 26.4 691
74 26.4 691
75 26.4 705
75 26.2 723
75 26.3 734
75 26.3 734
75 26.3 710
75 26.3 710
75 26.3 720
77 26.4 720
77 26.4 726
77 26.4 760
75 26.4 738
75 26.3 773
75 26.3 773
75 26.3 743
75 26.3 732
75 26.3 732
76 26.3 710
76 26.3 710
76 26.3 677
76 26.4 677
76 26.4 677
76 26.2 697
76 26.2 661
76 26.2 666
76 26.2 666
76 26.2 703
76 26.4 671
76 26.4 671
76 26.5 676
76 26.5 692
76 26.5 692
76 26.5 694
76 26.7 694
76 26.7 701
76 26.6 701
76 26.6 736
74 26.6 736
74 26.6 715
74 26.6 715
72 26.6 725
72 26.4 758
72 26.4 730
72 26.4 730
72 26.4 717
72 26.4 680
72 26.4 680
74 26.4 712
74 26.4 712
74 26.4 697
74 26.6 697
74 26.6 722
74 26.6 704
74 26.6 704
74 26.6 727
74 26.6 735
75 26.6 735
75 26.6 722
75 26.5 722
75 26.5 690
75 26.5 720
75 26.4 730
75 26.3 730
75 26.3 730
75 26.5 730
75 26.5 754
75 26.5 749
75 26.6 756
77 26.6 781
77 26.8 781
79 26.8 805
79 26.8 767
79 26.8 755
79 27.0 732
79 27.0 732
79 27.0 732
79 26.8 732
79 26.8 723
79 26.8 745
79 26.8 745
81 26.8 774
81 26.8 746
81 26.7 784
81 26.6 745
81 26.6 769
81 26.6 769
80 26.6 793
80 26.6 793
80 26.6 771
80 26.6 771
78 26.7 758
78 26.5 771
78 26.5 771
78 26.4 737
77 26.4 726
77 26.4 713
77 26.4 713
77 26.6 699
75 26.6 703
75 26.3 703
75 26.3 703
75 26.3 738
77 26.6 738
78 26.6 704
78 26.3 704
78 26.3 733
78 26.3 733
76 26.3 767
76 26.5 738
76 26.5 756
76 26.5 756
76 26.4 748
78 26.4 748
78 26.4 762
78 26.4 731
78 26.2 759
77 26.2 751
77 26.2 751
77 26.2 727
76 26.2 758
76 26.2 758
78 26.4 748
80 26.5 772
80 26.5 772
80 26.5 746
80 26.6 746
80 26.6 775
80 26.7 773
80 26.7 772
80 26.7 742
80 26.8 774
80 26.8 746
82 26.8 746
82 26.9 758
82 26.9 720
83 26.9 742
83 26.9 742
83 26.7 740
83 26.7 740
83 26.7 772
82 26.7 765
82 26.7 783
82 26.7 774
82 26.9 774
84 26.9 775
84 27.1 775
84 27.1 747
84 27.1 782
83 27.1 782
83 27.0 780
83 27.0 751
83 27.0 751
83 27.0 721
83 26.9 750
83 26.9 733
83 26.9 733
82 26.9 741
82 27.0 753
82 27.0 779
82 27.2 756
82 27.2 747
82 27.2 752
81 27.2 728
81 27.3 713
81 27.3 725
81 27.3 756
81 27.3 734
79 27.5 738
79 27.5 718
79 27.5 691
79 27.5 721
79 27.4 721
79 27.4 760
79 27.6 760
79 27.6 726
79 27.6 726
79 27.8 720
80 27.8 684
80 27.8 684
80 27.8 673
80 27.8 673
80 27.8 657
80 27.8 662
80 27.9 676
80 27.9 676
80 27.9 704
81 27.9 673
81 27.9 673
81 27.9 648
81 28.1 681
81 28.1 689
81 27.8 689
79 27.8 716
79 27.9 746
77 27.9 768
77 28.0 749
77 28.0 749
79 28.0 742
79 28.0 742
77 28.0 722
77 28.0 688
77 28.0 688
77 27.9 705
76 27.9 728
76 27.9 728
76 27.7 723
76 27.7 723
76 27.7 715
74 27.7 715
74 27.7 703
74 27.7 703
74 27.7 671
72 27.7 671
72 27.6 688
72 27.6 688
72 27.6 703
72 27.4 703
72 27.4 703
72 27.4 703
72 27.4 679
74 27.4 697
74 27.4 709
74 27.6 704
74 27.6 722
74 27.6 722
74 27.6 755
73 27.8 755
71 27.8 751
71 27.8 751
71 27.8 759
71 27.9 759
71 28.0 758
73 27.9 724
73 27.9 739
73 28.0 739
73 28.0 739
73 28.0 748
73 27.9 764
75 27.7 763
75 27.7 799
75 27.8 787
75 27.8 787
75 27.8 753
75 27.8 725
77 27.8 725
77 27.8 762
77 27.7 730
78 27.5 699
77 27.5 733
79 27.7 733
79 27.6 704
79 27.6 704
79 27.6 702
79 27.6 686
79 27.5 686
79 27.6 693
79 27.6 729
79 27.6 751
79 27.4 751
79 27.4 738
79 27.4 738
77 27.4 736
77 27.5 736
77 27.5 720
77 27.4 682
79 27.4 684
79 27.5 684
79 27.5 684
79 27.4 699
79 27.4 699
79 27.3 732
81 27.3 732
79 27.3 711
79 27.3 721
79 27.1 721
79 27.1 749
80 27.1 721
82 27.1 706
82 27.1 706
82 27.1 689
82 27.4 689
82 27.4 674
81 27.5 701
81 27.5 732
81 27.5 732
81 27.5 737
81 27.4 729
81 27.4 729
81 27.3 764
80 27.3 764
80 27.3 791
80 27.1 787
79 27.1 761
79 27.1 761
79 27.1 728
79 27.1 712
79 27.1 693
79 27.1 693
79 27.3 658
79 27.3 658
79 27.3 683
80 27.3 719
80 27.3 719
80 27.3 732
81 27.2 732
81 27.0 767
81 26.7 752
81 26.7 752
81 26.7 744
83 26.7 744
83 26.7 759
83 26.7 759
83 26.7 740
83 26.7 709
84 26.5 696
84 26.5 682
84 26.7 691
82 26.7 691
82 26.9 671
82 27.1 671
82 27.0 706
82 27.0 712
82 27.0 712
82 27.1 713
82 27.1 706
82 27.1 706
82 27.1 731
82 26.9 734
82 26.9 735
84 26.9 735
84 26.9 698
84 27.0 699
84 27.0 668
84 27.0 668
84 27.1 670
84 27.1 688
83 27.1 650
83 27.1 684
83 27.1 689
85 27.1 689
85 26.9 665
85 26.9 665
85 26.9 665
85 26.9 700
85 26.9 700
85 26.9 719
85 27.0 691
85 27.0 708
86 27.0 692
86 27.2 692
86 27.2 706
86 27.2 706
86 27.2 745
84 27.2 740
84 27.3 740
84 27.3 778
84 27.3 778
84 27.3 743
84 27.3 743
82 27.3 754
82 27.3 754
82 27.2 733
82 27.2 722
82 27.3 685
82 27.4 687
82 27.4 687
83 27.4 698
83 27.4 698
83 27.2 721
83 27.2 704
81 27.2 709
81 27.2 709
81 27.5 694
81 27.5 684
81 27.5 699
81 27.5 665
81 27.5 698
81 27.5 668
79 27.5 668
79 27.5 670
79 27.5 655
79 27.5 655
79 27.5 683
80 27.5 708
80 27.5 708
80 27.5 738
80 27.6 738
80 27.6 716
80 27.3 716
80 27.3 712
80 27.2 712
80 27.2 725
80 27.2 725
80 27.0 763
80 27.0 760
80 27.0 760
80 27.0 738
80 27.0 726
80 27.2 726
82 27.0 761
82 27.0 761
82 27.0 741
82 27.0 741
82 27.2 759
80 27.2 759
78 27.2 730
78 27.2 718
77 27.2 728
77 27.3 728
77 27.3 728
77 27.3 758
78 27.3 721
78 27.3 721
78 27.3 698
78 27.3 724
78 27.3 724
78 27.3 725
78 27.3 707
78 27.5 746
78 27.5 741
78 27.3 741
76 27.3 741
76 27.4 767
76 27.6 767
78 27.5 752
78 27.5 751
78 27.5 718
78 27.6 718
78 27.6 701
80 27.6 701
82 27.3 736
80 27.3 736
79 27.4 760
79 27.2 792
79 27.2 792
79 27.2 782
79 27.0 808
79 27.0 790
79 27.0 790
81 27.0 786
81 26.8 786
81 26.8 774
81 26.8 745
81 26.8 724
82 26.8 724
82 26.8 752
82 27.0 727
82 27.0 727
82 27.0 748
82 26.9 737
80 26.9 707
81 26.9 682
81 26.7 682
81 26.7 645
81 26.7 645
81 26.8 652
81 26.8 652
81 27.1 657
81 27.1 679
81 27.1 679
81 27.1 679
81 26.9 679
81 26.9 684
81 26.9 722
81 26.8 722
81 26.8 724
81 26.6 748
81 26.6 730
81 26.6 767
81 26.7 767
81 26.7 766
81 26.7 766
79 26.7 767
79 26.7 729
79 26.8 751
79 26.8 780
79 26.8 775
81 27.0 775
81 27.0 799
81 27.1 799
81 27.0 821
83 27.0 784
83 27.0 755
83 27.0 761
83 26.7 761
85 26.7 753
83 26.7 773
84 26.7 747
84 26.5 747
84 26.3 769
84 26.3 769
84 26.3 768
86 26.3 768
87 26.2 757
87 26.4 750
87 26.4 729
87 26.4 729
87 26.4 730
86 26.5 730
86 26.5 756
86 26.4 756
86 26.5 744
86 26.5 754
86 26.5 761
85 26.5 754
85 26.5 754
85 26.7 725
87 26.7 744
87 26.7 744
87 26.7 741
87 26.8 739
85 26.8 772
85 26.8 756
85 26.8 756
85 26.8 756
85 26.6 729
85 26.6 729
85 26.6 692
85 26.5 692
85 26.5 672
85 26.6 672
87 26.6 672
87 26.6 672
87 26.6 641
87 26.8 666
87 26.8 640
87 26.8 640
87 26.8 603
87 26.7 603
87 26.7 640
87 26.7 651
88 26.7 651
88 26.7 669
88 26.7 669
88 26.7 632
88 26.7 632
86 26.7 645
86 26.8 645
86 26.8 648
86 26.8 648
86 26.8 650
86 26.8 624
86 26.8 655
86 26.7 660
86 26.7 660
86 26.7 686
88 26.7 667
88 26.7 667
88 26.7 647
88 26.7 647
86 26.7 661
86 26.7 661
86 27.0 700
84 27.2 700
84 27.3 717
84 27.3 743
84 27.3 743
84 27.2 725
84 27.2 712
84 27.2 712
82 27.1 743
82 27.1 731
82 27.1 761
82 27.1 752
82 27.1 752
82 27.1 754
82 27.1 754
82 27.1 743
82 27.2 745
82 27.2 745
80 27.2 769
80 27.1 769
80 27.1 769
80 26.9 769
80 26.9 747
80 26.9 764
80 26.8 764
80 26.8 753
80 26.8 754
80 26.8 723
80 26.8 723
80 26.6 759
80 26.6 747
82 26.6 747
82 26.6 737
82 26.6 737
83 26.6 702
83 26.6 702
83 26.7 701
83 26.7 704
81 26.7 713
81 26.7 713
81 26.9 701
81 26.9 729
81 27.1 729
81 27.1 696
81 27.1 668
81 27.0 703
81 27.0 703
81 27.0 670
81 26.9 702
81 26.9 702
81 26.9 670
81 27.0 678
81 27.0 678
82 26.8 645
82 26.8 645
82 26.8 679
82 26.8 653
80 26.7 688
82 26.7 688
82 26.7 662
82 26.7 682
84 26.8 682
84 26.8 671
84 26.7 671
84 26.6 672
86 26.5 672
86 26.5 708
86 26.5 708
86 26.6 706
86 26.7 706
85 26.7 713
85 26.7 713
85 26.9 714
85 26.9 714
85 27.0 741
83 27.0 741
83 27.0 727
83 27.0 727
81 26.8 714
81 26.8 709
83 26.8 713
81 26.9 737
81 27.1 737
81 27.1 729
81 27.1 766
81 27.1 793
81 26.9 793
81 26.9 776
81 26.9 754
81 26.9 755
81 27.0 726
81 27.0 749
80 27.0 738
80 27.0 775
80 26.9 775
80 26.9 804
80 27.1 826
80 27.1 826
80 27.1 812
80 27.0 800
81 27.2 787
81 27.2 754
80 27.2 725
80 27.2 725
80 27.4 762
80 27.6 762
80 27.6 736
80 27.7 698
80 27.9 698
79 27.9 719
79 27.9 748
79 27.9 775
79 27.9 775
79 27.8 803
79 27.8 792
79 27.8 792
79 27.8 808
79 27.7 772
77 27.7 784
77 27.7 784
79 27.7 816
77 27.6 816
77 27.6 800
76 27.6 774
76 27.6 774
76 27.8 745
76 27.8 745
76 27.8 706
76 27.8 706
76 27.7 735
76 27.7 735
76 27.7 710
76 27.7 690
77 27.9 690
77 27.9 700
77 27.9 700
77 27.8 666
77 27.8 681
76 27.8 681
76 28.0 644
76 28.0 667
76 28.0 700
76 28.0 703
76 28.0 702
76 28.0 702
76 28.0 721
78 28.0 711
78 28.0 694
78 28.1 694
78 28.1 680
78 28.1 656
78 28.0 660
78 28.0 673
77 27.9 673
78 27.6 680
78 27.6 685
78 27.6 685
78 27.4 713
77 27.4 713
77 27.4 726
77 27.3 712
77 27.3 712
76 27.3 731
76 27.3 710
76 27.2 710
75 27.3 684
75 27.3 684
75 27.3 688
75 27.3 688
75 27.3 693
73 27.1 717
73 27.0 714
72 27.0 720
72 27.0 725
72 27.0 752
73 27.1 784
73 27.1 750
73 27.1 748
73 27.1 764
73 27.2 726
73 27.2 746
73 27.0 746
73 26.8 758
73 26.8 739
73 26.8 766
74 26.9 745
74 26.9 716
74 26.9 678
74 26.9 678
74 26.7 714
73 26.7 714
73 26.7 753
74 26.8 753
73 26.8 739
73 26.8 739
73 26.9 741
71 26.9 752
71 26.9 752
72 26.9 730
72 26.7 730
72 26.7 722
72 26.7 750
71 26.7 735
71 26.8 756
71 26.8 756
71 26.8 742
71 26.8 742
72 26.8 773
72 26.7 748
71 26.7 748
71 26.7 754
71 26.7 754
71 26.6 724
71 26.6 699
71 26.6 699
70 26.6 683
70 26.5 683
70 26.5 693
70 26.5 693
68 26.3 693
68 26.3 710
68 26.3 746
68 26.3 725
68 26.3 725
68 26.3 763
68 26.3 763
68 26.3 733
68 26.4 733
68 26.4 700
68 26.4 700
69 26.4 697
69 26.3 686
69 26.5 713
69 26.5 713
69 26.6 696
69 26.7 696
69 26.7 731
69 26.7 705
67 26.7 720
67 26.9 757
68 27.2 757
68 27.2 778
68 27.2 778
70 27.2 777
70 27.0 768
70 27.0 772
70 27.0 747
70 27.0 747
70 27.0 730
70 27.0 731
70 27.0 696
70 27.0 657
70 27.1 657
70 27.1 678
70 27.1 695
69 27.1 695
69 27.1 713
69 27.1 713
69 27.1 743
69 27.1 743
69 27.1 735
70 27.1 713
70 27.2 740
70 27.2 764
70 27.2 751
72 27.2 751
72 27.2 777
72 27.2 777
72 27.3 742
73 27.3 719
73 27.2 742
73 27.2 742
73 27.3 741
73 27.3 756
72 27.5 756
72 27.5 747
72 27.3 747
72 27.3 718
72 27.3 751
72 27.3 751
71 27.3 759
71 27.3 739
69 27.3 755
69 27.3 739
69 27.3 739
69 27.2 758
69 27.2 719
69 27.3 752
69 27.0 720
71 27.2 757
70 27.2 745
70 27.2 745
70 27.2 740
70 27.2 740
71 27.0 709
71 26.8 710
71 26.8 723
71 26.7 732
71 26.7 732
71 26.7 720
71 26.7 730
71 26.8 692
71 26.8 692
69 26.8 699
69 26.8 713
69 27.0 719
69 27.0 713
69 27.0 738
68 27.2 738
69 27.3 745
69 27.3 709
69 27.4 709
71 27.4 718
69 27.2 729
69 27.2 732
69 27.2 732
69 27.2 708
69 27.2 723
69 27.2 723
69 27.2 700
71 27.2 700
71 27.4 700
71 27.4 688
71 27.5 715
71 27.5 719
71 27.5 722
71 27.3 722
70 27.3 733
70 27.3 741
71 27.2 741
71 27.2 727
71 27.0 731
71 27.0 731
72 27.0 750
71 27.0 741
71 26.8 732
71 26.9 703
71 26.9 721
71 26.9 721
71 26.9 704
72 27.0 704
71 27.0 720
70 27.0 720
70 27.2 698
50 34.2 644
50 34.3 671
50 34.3 706
50 34.3 706
48 34.3 728
48 34.3 728
48 34.2 717
49 34.2 684
49 34.2 684
49 34.2 715
49 34.2 715
51 34.4 718
51 34.4 754
51 34.4 754
51 34.4 754
52 34.4 754
54 34.4 721
52 34.3 721
52 34.3 737
52 34.3 737
52 34.2 734
50 34.1 734
50 34.1 695
50 34.1 695
48 34.4 712
48 34.4 713
48 34.3 713
48 34.3 743
48 34.3 743
48 34.3 726
48 34.1 747
48 34.1 747
48 33.9 739
50 33.9 739
50 33.9 722
50 34.0 722
50 34.0 692
48 33.8 696
46 33.6 703
46 33.6 703
46 33.6 690
46 33.6 669
45 33.6 669
45 33.5 708
45 33.5 708
45 33.5 731
45 33.5 731
45 33.5 753
45 33.5 776
45 33.6 776
47 33.6 776
47 33.6 785
47 33.6 763
47 33.8 780
47 33.8 780
47 33.8 748
47 33.8 748
49 33.8 770
49 33.9 770
49 33.9 751
50 33.9 751
50 33.9 748
50 33.9 740
50 33.9 715
51 33.8 715
49 33.8 686
49 33.8 686
49 33.8 678
49 33.9 678
47 34.1 714
47 34.1 685
47 34.1 714
47 34.1 739
49 34.1 739
49 34.1 765
49 34.1 765
49 34.1 730
47 34.1 697
47 34.1 703
48 33.8 693
50 33.8 732
50 33.8 732
50 33.8 702
50 33.8 702
49 33.9 675
49 33.9 675
49 33.9 706
47 33.9 706
47 33.9 682
47 34.1 682
47 34.1 689
45 34.1 692
45 34.2 705
45 34.0 682
45 34.0 682
45 34.0 707
45 34.0 707
43 34.0 693
44 34.0 693
44 34.0 698
44 34.0 712
42 34.0 730
44 34.0 706
44 34.0 706
44 34.0 706
43 34.0 741
43 33.8 741
42 33.8 748
41 33.8 748
41 33.7 746
41 33.7 746
41 33.7 722
40 33.7 711
41 33.7 711
41 33.8 733
41 33.8 733
41 33.8 700
42 33.8 700
42 33.8 700
42 33.6 720
42 33.6 689
42 33.6 721
41 33.6 695
41 33.6 711
41 33.6 711
41 33.6 736
41 33.6 736
41 33.6 775
41 33.6 790
41 33.7 790
41 33.7 778
43 33.7 775
43 33.7 775
43 33.7 748
43 33.7 767
43 33.7 767
41 33.7 762
42 33.7 729
42 33.7 729
42 33.6 745
42 33.6 773
41 33.6 773
41 33.6 762
41 33.6 724
42 33.6 724
42 33.5 709
42 33.5 709
42 33.5 734
42 33.5 716
42 33.5 716
42 33.5 748
42 33.5 756
42 33.5 756
42 33.5 743
42 33.5 743
40 33.5 711
40 33.5 741
40 33.5 737
40 33.6 714
40 33.6 714
39 33.6 710
39 33.6 710
39 33.6 679
39 33.6 679
38 33.6 687
38 33.6 720
38 33.6 720
38 33.6 688
40 33.6 688
40 33.4 713
39 33.4 701
40 33.4 701
40 33.4 701
40 33.4 696
40 33.5 705
40 33.5 727
40 33.6 727
42 33.8 707
42 33.8 681
42 33.8 681
42 33.8 694
42 33.8 700
42 33.8 700
42 33.8 701
42 33.8 725
44 33.8 725
44 33.6 751
44 33.6 751
44 33.6 725
44 33.7 709
44 33.7 709
44 33.7 675
43 33.8 676
43 33.8 702
44 33.8 735
44 33.8 735
44 34.0 721
44 34.0 698
42 34.0 670
42 34.2 705
42 34.2 705
44 34.0 714
46 34.0 683
46 34.0 702
46 34.0 702
44 34.0 731
44 34.0 731
44 33.8 765
46 33.8 736
46 33.8 754
46 33.8 754
46 33.8 746
46 33.9 746
46 33.9 760
46 33.9 729
44 33.9 757
44 33.8 749
44 33.8 749
45 33.8 725
45 33.8 756
45 33.8 756
47 33.6 718
47 33.6 718
47 33.6 742
47 33.6 742
46 33.6 746
46 33.6 746
46 33.6 750
46 33.7 744
45 33.7 743
45 33.7 713
45 33.7 685
45 33.7 685
45 33.7 717
43 33.7 693
43 34.0 693
43 34.0 716
44 34.0 749
44 33.8 749
44 33.8 742
46 33.9 742
46 33.9 749
46 33.9 767
46 33.9 758
47 33.9 758
47 34.0 759
48 34.0 759
48 34.0 731
48 34.0 766
48 33.9 766
47 33.9 764
47 33.9 735
47 33.9 735
47 33.9 705
47 33.8 734
47 33.8 717
47 33.8 717
46 34.0 722
46 34.0 722
46 34.0 734
46 34.0 760
46 34.0 737
46 34.0 728
46 34.1 718
46 34.1 694
46 34.1 679
46 34.1 691
46 34.1 661
46 34.1 629
47 34.1 629
47 34.1 651
47 34.2 678
47 34.2 683
47 34.2 683
47 34.2 722
47 34.0 722
47 34.0 756
47 34.0 756
49 33.9 749
49 33.9 761
49 33.9 768
51 33.9 768
53 33.8 788
53 33.8 772
53 33.8 772
52 34.1 735
53 34.1 709
53 34.1 701
53 34.1 676
52 34.1 666
52 34.1 666
52 34.1 695
54 34.1 695
56 34.2 725
56 34.2 708
56 34.2 708
56 34.2 738
56 34.2 738
56 34.2 719
56 34.4 719
56 34.4 712
56 34.4 712
56 34.4 692
56 34.4 658
56 34.4 658
57 34.5 676
57 34.5 676
57 34.5 683
58 34.5 716
56 34.5 716
56 34.6 731
56 34.6 768
58 34.6 764
58 34.6 764
58 34.6 749
58 34.4 749
57 34.4 769
57 34.4 769
57 34.4 769
57 34.4 745
59 34.4 733
59 34.4 733
59 34.4 713
59 34.4 732
59 34.4 732
59 34.4 765
59 34.4 765
58 34.6 804
58 34.6 804
58 34.6 796
58 34.6 796
58 34.6 789
56 34.6 789
56 34.5 786
56 34.5 786
56 34.5 773
58 34.6 805
58 34.6 805
58 34.6 805
58 34.6 775
59 34.5 791
59 34.5 773
59 34.5 756
60 34.5 756
60 34.6 761
60 34.6 752
60 34.6 752
60 34.6 726
60 34.4 726
60 34.3 755
60 34.0 743
59 34.0 743
61 34.0 763
61 34.0 763
61 34.0 738
63 34.0 738
63 34.0 733
63 34.0 733
64 34.0 708
64 34.0 708
64 34.2 715
64 34.2 725
64 34.2 707
64 34.2 715
64 34.2 754
64 34.2 754
66 34.2 731
66 34.2 729
66 34.2 729
68 34.1 714
68 34.1 714
68 34.1 733
69 34.0 733
69 34.0 701
69 34.0 702
69 34.0 717
69 34.0 717
68 34.0 684
66 34.2 684
64 34.2 705
64 34.2 710
62 34.2 710
61 34.2 738
62 34.2 758
63 34.4 732
63 34.2 732
63 34.2 771
63 34.2 810
63 34.2 799
63 34.2 795
63 34.2 795
62 34.2 767
62 34.2 784
61 34.2 784
61 34.2 784
59 34.2 784
59 34.0 808
59 34.0 795
57 34.0 791
57 33.9 765
57 33.9 765
57 33.9 732
57 33.9 716
57 33.9 697
58 33.9 697
60 33.9 662
60 33.9 662
60 33.9 687
60 34.0 723
60 34.0 723
58 34.0 736
59 33.8 736
59 33.8 757
61 33.6 757
60 33.6 735
60 33.6 735
58 33.6 701
58 33.7 716
58 33.7 716
57 33.7 685
57 33.7 697
57 33.7 697
57 33.5 710
56 33.5 687
56 33.5 687
56 33.5 711
58 33.5 711
58 33.5 718
60 33.7 718
60 33.7 697
60 33.7 697
60 33.7 732
62 33.5 724
62 33.6 724
64 33.6 717
63 33.6 717
63 33.6 742
63 33.6 745
63 33.6 746
63 33.7 746
63 33.7 709
65 33.7 710
65 33.7 695
66 33.7 695
66 33.7 717
66 33.9 736
65 33.9 715
65 33.9 715
65 33.9 692
65 33.7 692
65 33.7 701
64 33.7 701
64 33.7 671
63 33.7 659
63 33.7 659
63 33.9 694
63 33.9 694
63 33.9 713
63 33.9 749
61 33.9 749
61 33.7 785
61 33.7 764
61 33.7 764
61 33.7 803
61 33.7 772
61 33.7 786
61 33.9 786
61 33.9 763
59 33.9 778
59 33.9 743
59 33.9 743
59 33.9 722
59 33.9 722
59 33.8 695
59 33.8 721
59 33.8 723
59 33.8 743
59 33.8 743
61 33.8 749
61 33.6 722
62 33.6 749
62 33.6 730
60 33.6 735
60 33.6 735
62 33.6 720
63 33.6 751
63 33.6 736
63 33.6 702
61 33.6 735
61 33.6 705
61 33.6 705
59 33.8 702
59 33.8 687
61 33.8 687
61 34.0 724
61 34.0 695
61 34.0 728
61 34.0 728
61 34.0 737
61 34.0 728
61 34.0 728
61 34.0 739
61 34.0 739
62 34.0 736
62 34.0 736
62 34.0 739
62 34.0 755
62 34.0 755
62 34.0 774
62 34.0 774
63 34.0 773
63 34.0 773
65 34.2 748
65 34.2 748
64 34.2 720
64 34.2 752
64 34.4 752
62 34.4 788
62 34.4 751
62 34.4 773
62 34.4 773
62 34.4 804
61 34.5 799
61 34.4 790
61 34.2 821
59 34.2 816
59 34.2 816
59 34.2 816
57 34.2 803
57 34.4 803
57 34.4 792
57 34.2 792
56 34.2 758
56 34.2 771
56 34.2 771
56 34.2 799
58 34.4 799
58 34.4 770
58 34.4 770
58 34.4 773
58 34.4 740
58 34.2 772
58 34.2 772
57 34.2 768
57 34.2 794
57 34.2 801
57 34.2 797
57 33.9 797
57 33.9 785
56 33.9 790
56 33.9 790
54 33.9 766
55 33.7 771
55 33.7 766
55 33.7 766
53 33.6 766
54 33.6 781
53 33.6 781
53 33.5 769
53 33.4 769
53 33.4 774
53 33.4 752
53 33.4 752
53 33.4 752
52 33.4 752
52 33.6 714
52 33.6 730
52 33.5 734
50 33.5 726
50 33.5 699
51 33.5 681
51 33.7 692
51 33.7 657
51 33.6 657
49 33.6 677
49 33.6 677
49 33.6 639
49 33.7 649
49 33.7 653
51 33.8 653
51 33.8 660
51 33.8 660
51 33.8 684
51 33.7 684
50 33.7 663
51 33.7 691
51 33.7 697
51 33.5 697
51 33.5 721
53 33.5 735
53 33.6 735
52 33.6 697
52 33.6 713
52 33.6 713
50 33.6 707
52 33.6 707
52 33.6 725
51 33.5 725
52 33.5 736
50 33.5 736
50 33.5 767
51 33.5 780
51 33.5 754
51 33.5 754
51 33.5 742
50 33.5 709
50 33.5 677
51 33.7 677
51 33.7 677
51 33.7 691
51 33.7 697
51 33.7 729
51 33.8 729
51 33.8 762
51 33.8 760
51 34.0 727
49 34.0 743
49 34.0 743
49 34.0 743
49 33.8 710
49 33.8 707
49 33.8 707
49 33.8 711
51 33.8 711
51 33.8 711
51 33.8 711
51 33.8 734
52 33.8 733
52 34.0 733
52 34.0 767
52 34.0 767
51 34.0 755
51 34.0 755
51 34.0 752
51 34.0 752
51 34.0 715
51 34.0 715
49 34.0 702
49 34.0 702
50 33.9 704
50 33.9 705
50 33.9 710
50 33.9 679
48 33.9 684
48 33.9 684
48 34.1 715
48 34.1 715
48 33.9 676
48 33.9 676
48 33.9 694
50 33.9 726
50 33.9 726
50 34.1 687
50 34.1 687
48 34.1 692
46 34.1 692
46 34.1 694
46 34.1 713
47 34.1 746
47 34.1 746
47 34.1 732
47 33.9 719
49 33.9 719
49 33.9 705
49 33.9 717
49 33.9 717
48 33.9 688
49 33.9 688
49 33.9 702
49 33.8 702
49 33.9 723
49 34.1 723
48 34.1 723
48 34.1 723
47 34.1 685
47 34.2 685
46 34.1 674
46 34.1 674
46 34.1 674
46 34.1 704
46 34.1 704
45 34.1 740
45 34.1 752
45 34.1 752
45 34.1 776
45 34.1 763
45 34.1 753
47 34.1 753
46 34.1 768
47 34.1 760
47 34.1 734
47 34.3 734
48 34.2 699
48 34.2 699
46 34.2 671
46 34.2 666
46 34.2 666
46 34.1 666
46 34.1 666
46 34.1 699
48 34.1 729
48 34.1 736
49 34.1 736
49 34.1 697
47 33.9 697
46 33.9 724
46 34.0 700
46 34.0 700
48 34.0 674
48 34.0 694
50 34.1 694
48 34.1 690
50 34.1 690
50 34.1 658
50 34.1 677
51 34.1 677
51 34.1 715
51 34.1 748
50 34.1 758
50 34.1 758
50 34.2 785
50 33.9 785
50 33.9 771
48 33.9 771
48 34.1 748
47 34.1 776
47 34.1 776
47 34.0 740
46 34.0 740
44 34.0 745
45 34.0 726
45 34.0 726
47 34.2 745
48 34.1 745
48 34.1 746
48 34.1 708
47 34.1 727
47 34.2 710
47 34.2 710
47 34.2 729
45 34.2 729
45 34.2 741
45 34.2 749
46 34.0 749
46 34.0 780
46 34.0 780
46 34.0 767
46 34.0 767
46 34.1 753
46 34.1 753
46 34.1 720
46 34.1 691
46 34.1 691
46 34.3 728
47 34.3 728
47 34.1 764
45 34.1 764
45 34.1 751
46 34.0 751
46 34.0 726
46 34.0 753
46 34.0 753
46 33.8 781
46 33.8 769
46 33.8 769
46 33.8 799
46 33.8 766
47 33.8 766
47 33.8 729
47 33.8 729
47 33.8 765
47 33.8 765
45 34.0 739
45 34.2 739
45 34.2 767
44 34.2 767
44 34.2 730
42 34.2 730
42 34.2 759
42 34.0 759
42 34.0 739
43 34.0 739
43 34.0 733
43 33.9 746
43 33.9 754
42 33.9 754
42 33.9 781
42 33.7 794
42 33.7 794
44 33.7 777
43 33.7 777
43 33.9 749
43 33.9 712
44 34.1 712
44 33.9 692
44 33.9 675
44 33.9 675
44 33.9 713
44 33.8 689
44 33.8 722
45 33.8 722
45 33.8 759
46 33.8 759
46 33.8 722
48 33.8 722
48 33.8 750
47 33.7 750
47 33.7 717
47 33.7 717
47 33.7 742
47 33.7 742
47 33.4 757
47 33.3 786
47 33.3 776
47 33.3 770
47 33.3 754
49 33.4 759
49 33.4 759
49 33.4 731
49 33.4 723
51 33.4 723
51 33.4 715
51 33.3 715
51 33.3 705
52 33.3 705
52 33.3 721
53 33.4 753
53 33.4 743
53 33.4 709
53 33.4 711
53 33.4 681
54 33.4 681
54 33.4 685
56 33.4 686
56 33.4 683
57 33.4 673
57 33.4 691
57 33.3 691
57 33.3 726
57 33.3 710
57 33.3 710
57 33.3 746
57 33.4 746
57 33.4 721
57 33.4 721
56 33.7 754
56 33.7 754
56 33.7 725
56 33.7 725
57 33.7 729
56 33.6 729
56 33.6 763
56 33.6 765
56 33.6 748
57 33.6 748
57 33.4 772
57 33.4 772
57 33.4 764
57 33.4 792
57 33.4 791
57 33.4 787
55 33.4 787
55 33.4 823
55 33.4 805
55 33.4 780
55 33.4 757
55 33.6 757
54 33.6 728
54 33.4 737
54 33.4 737
53 33.4 770
51 33.4 754
49 33.4 719
49 33.4 705
49 33.4 705
51 33.6 730
51 33.6 730
51 33.6 768
51 33.6 768
51 33.6 765
51 33.6 765
51 33.6 742
51 33.6 742
51 33.6 742
50 33.6 742
49 33.6 708
49 33.6 708
49 33.3 719
50 33.3 719
50 33.3 757
49 33.5 723
49 33.5 723
49 33.5 712
49 33.5 712
49 33.5 751
49 33.5 751
49 33.5 788
50 33.5 788
50 33.5 827
50 33.5 791
50 33.4 812
52 33.4 812
52 33.4 811
52 33.4 804
52 33.4 804
52 33.4 797
53 33.4 797
53 33.4 764
53 33.4 764
53 33.3 763
52 33.3 753
52 33.3 714
52 33.4 714
53 33.4 714
53 33.4 744
53 33.4 751
53 33.4 732
55 33.4 732
55 33.4 754
54 33.4 729
54 33.2 729
54 33.2 733
53 33.2 733
53 33.2 716
53 33.2 716
53 33.4 715
53 33.4 738
53 33.4 738
51 33.4 703
50 33.4 708
50 33.4 731
50 33.4 731
50 33.4 730
50 33.5 712
48 33.5 712
50 33.5 732
50 33.5 732
50 33.6 737
49 33.6 737
49 33.6 753
49 33.6 753
50 33.6 731
49 33.8 731
49 33.8 757
51 33.8 757
51 33.8 738
51 33.8 728
51 33.8 728
51 33.8 755
51 33.8 771
53 33.8 739
55 33.9 776
55 33.9 772
57 33.9 772
57 33.9 760
57 33.8 760
57 33.8 741
55 33.8 716
55 33.8 688
55 33.8 688
57 33.6 662
57 33.6 662
57 33.6 673
56 33.6 673
56 33.6 701
56 33.6 701
56 33.8 705
54 33.8 705
54 33.8 712
54 33.8 726
55 34.0 739
55 34.1 716
55 34.1 755
55 34.1 755
54 34.1 774
54 34.1 807
54 34.3 798
52 34.1 780
52 34.2 756
52 34.2 758
53 34.2 735
53 34.2 715
53 34.2 715
53 34.4 733
51 34.4 760
51 34.4 726
52 34.4 700
52 34.4 700