23 30.9 857
23 31.7 853
23 31.7 829
22 31.7 867
22 31.4 885
22 31.4 852
22 31.4 856
22 31.4 869
21 31.4 904
21 31 934
21 31 928
21 31 935
21 31 928
23 31 890
23 31.2 860
23 31.2 880
23 31.2 895
23 31.2 878
23 31.1 898
23 31.1 859
21 30.3 832
22 30.3 862
22 29.9 847
22 29.9 838
22 29.9 876
22 29.9 868
24 29.9 881
24 29.2 873
24 29.2 911
24 29.2 949
24 29.2 966
24 28.4 964
24 28.4 958
23 28.4 960
23 28.4 941
23 28.6 973
23 28.6 952
23 28.6 967
22 28.6 975
22 28.6 943
24 29.5 968
24 29.5 939
24 29.5 914
24 29.5 891
24 30.2 928
26 29.6 930
26 29.2 899
26 28.7 931
26 28.7 925
26 28.7 924
26 29 905
28 29 896
28 29.2 869
30 29.2 832
30 29.2 870
32 29.2 902
32 29.2 902
32 29.2 900
32 29.2 875
32 28.9 896
32 28.9 865
32 29.2 875
32 29.2 844
32 29.2 859
32 29.2 843
33 29.6 882
33 29.6 888
33 29.6 923
33 29.6 929
33 30.3 902
33 30.3 879
35 30.8 881
35 30.8 881
35 30.8 892
35 30.8 859
35 30.1 859
35 29.4 852
35 29.4 857
35 28.9 887
35 28.9 923
34 28.9 952
34 28.9 974
34 28.2 951
32 28.2 935
32 28.2 921
32 28.2 933
30 28.2 906
30 28.5 937
30 28.5 956
30 28.5 933
30 28.5 900
30 29 899
29 29 877
29 29.4 880
29 29.4 913
31 29.2 922
31 29.2 914
31 29.9 939
31 29.9 928
33 29.9 949
33 29.4 986
33 29.4 985
33 29.4 972
33 29.4 957
33 29.2 996
33 29.2 961
33 29.2 957
32 29.1 953
32 29.1 922
32 29.1 941
32 28.3 949
32 28.3 916
30 28.3 925
30 29.2 945
29 29.2 933
29 28.9 924
29 28.9 952
29 28.9 944
27 28.9 943
27 28.9 909
27 28.9 925
27 28.9 912
27 28.9 884
27 28.9 901
27 28.3 866
27 28.9 862
25 28.9 894
25 28.5 882
27 28.5 861
27 28.5 850
27 28.4 860
27 28.4 876
28 28.4 860
28 27.5 860
28 27.5 863
28 27.5 862
28 27.5 864
28 27.5 833
28 27.5 852
28 27.9 885
28 27.9 867
28 27.8 906
28 27.8 924
28 27.8 909
28 27.8 901
28 27.4 870
26 27.4 903
26 27.4 867
26 27.4 859
26 27.7 835
28 27.7 862
28 27.7 870
28 28.6 876
29 28.6 897
29 28.6 881
29 29 902
31 29 869
31 29.2 863
31 29.1 893
31 29.1 929
31 29.1 921
30 29.1 919
30 30 896
30 30 902
30 30 924
30 29.3 917
30 29.3 882
30 29.3 889
30 29.3 872
30 29.3 854
28 29.3 856
28 29.3 888
28 30.1 862
28 30.1 885
27 30.1 877
27 30.1 848
27 30.1 865
27 30.1 899
27 30.1 914
27 29.7 890
27 29.7 922
28 29.7 931
28 29.7 920
28 29.7 939
28 29.2 924
29 29.2 953
29 29.2 924
29 29.2 932
30 28.8 900
30 29.2 922
30 29.2 888
30 29.2 861
30 29.2 891
30 29.3 930
30 29.3 915
31 29.3 954
31 29.3 948
32 29.7 945
32 29.7 968
33 29.7 937
33 29.1 940
33 29.1 912
33 29.1 935
32 28.8 910
32 28.8 873
32 28.8 852
32 28.8 881
32 28.8 906
30 29 889
30 29.2 912
30 28.3 919
30 28.3 927
31 28.3 933
31 28.3 910
31 28.3 940
31 28.9 949
31 28.9 914
32 28.9 902
32 28.9 896
31 28.9 918
31 29.3 911
31 29.3 887
31 30.2 858
31 30.6 858
29 30.6 863
28 30.6 874
29 30.6 843
29 30.6 862
29 30.6 895
29 29.9 925
27 29.9 921
27 29.2 928
27 29.2 927
27 29.2 914
27 29.2 875
27 29.2 875
27 29.2 884
27 29.7 900
28 29.7 899
28 29.7 935
28 29.7 959
28 29.7 950
28 30 924
28 30 895
28 30 927
30 30 927
30 30.6 904
30 30.6 929
32 30.6 902
32 30.6 917
32 29.7 931
32 29.7 915
31 29.7 884
31 28.8 853
31 28.8 847
31 28.8 869
30 29.6 900
30 29.6 926
30 29.6 927
32 29.6 912
32 29.6 946
32 29.1 979
32 29.1 973
32 29.1 937
32 29.1 932
32 29.1 962
32 29.8 959
32 29.8 950
32 29.8 940
30 29.8 940
30 29.8 922
29 29.7 939
29 29.7 968
29 29.7 951
29 29.7 947
29 30.3 917
28 30.3 897
30 30.3 924
30 30.3 955
30 30.3 942
30 30.2 934
28 30.2 906
28 30.2 913
28 30.2 937
28 30.2 924
28 30 957
26 30 989
26 30 989
26 30 981
26 30 942
25 30.3 908
25 30.9 877
25 30.9 879
25 30.9 894
25 30.9 894
23 30.9 907
23 30.9 907
23 30.3 908
23 30.8 892
25 30.6 910
25 30.6 900
25 31.5 900
25 32 901
24 32 888
24 32 874
24 32 862
26 32 869
26 31.1 899
26 31.1 878
26 31.6 884
26 31.6 920
28 31.6 950
28 31.6 925
28 32.5 942
29 32.5 914
29 32.5 887
29 32.5 898
29 32.2 919
29 32.2 907
29 32.2 868
29 32.2 886
29 32.2 890
27 32.2 856
27 32.2 861
27 32.2 864
27 33.1 847
29 33.1 853
29 33.1 892
29 33.1 888
30 32.6 860
30 32.6 877
30 32.6 912
30 32.6 939
30 33.2 930
31 33.2 917
31 33.2 918
29 33.2 937
29 33.2 902
29 33.8 874
29 33.8 892
29 33.5 914
28 33.5 903
28 33.5 905
28 33.5 895
28 33.5 915
28 33.1 880
26 33.1 909
25 33.1 932
25 33.1 914
25 33.1 909
25 32.2 920
25 32.1 955
25 31.6 921
26 31.9 919
26 31.9 889
26 31.9 896
26 31.9 893
26 31.1 859
26 31 884
26 31 914
26 31 947
26 31 918
27 31 914
27 30.5 901
27 30.5 870
28 30.5 909
28 30.5 907
28 30.5 897
28 30.6 913
28 30.6 875
28 30.8 865
28 30.8 871
28 30.6 896
26 30.6 886
27 30.6 893
27 30.6 892
27 30.6 892
27 30.3 925
27 30.3 915
29 30.3 952
29 30.3 949
29 30.8 944
28 30.8 954
28 30.8 933
28 30.8 940
27 30.8 935
27 30 950
26 30 951
26 30 913
26 30 888
26 29.7 871
28 29.7 898
28 29.7 859
27 29.7 897
27 29.7 858
27 29.6 892
28 29.6 866
28 29.6 843
28 29.6 872
28 29.6 876
28 29.6 911
30 29.6 911
30 28.7 923
30 29.3 896
32 29.3 931
32 29.3 909
32 29.3 941
31 29.3 944
31 29.3 965
31 29.3 958
29 29.3 944
28 29.3 980
28 29.3 965
28 29.8 933
28 29.8 958
28 29.8 935
28 29.8 896
28 29.4 864
30 29.4 902
30 29.4 894
30 29.9 856
29 29.9 857
29 29.9 872
29 29.9 871
29 30.5 838
29 30.5 856
29 30.5 857
29 30.5 880
29 30.5 889
29 30 928
29 30 899
29 30.3 889
29 31.2 884
29 31.2 872
29 31.2 879
31 31.2 874
30 30.3 902
30 30.3 892
30 30.3 900
30 29.9 928
31 29.9 902
29 29.9 896
29 29.7 916
29 29.7 943
30 29.7 942
30 29.7 931
30 29.3 922
30 29.3 924
30 29.9 932
30 29.9 955
30 29.9 943
30 29.7 968
30 30.6 968
30 30.6 954
30 30.6 951
31 30.6 919
33 30.6 952
33 31.5 950
33 30.9 916
33 30.9 955
33 30.2 955
31 30.2 948
31 30.9 911
31 30.9 891
31 30.9 895
31 30.9 910
31 30.9 929
31 31.8 961
33 32.6 958
33 33.4 989
33 33.3 971
33 33.3 971
32 33.3 955
32 33 934
32 33 950
32 33 925
32 33.7 962
33 33.7 927
33 33.7 922
33 33.7 892
33 34.3 923
33 34.3 916
31 34.3 946
31 34.3 937
31 33.4 898
31 32.6 893
31 32.6 913
31 32.6 936
31 32.6 903
31 31.9 918
31 31.9 905
31 31.9 937
30 31.9 949
29 32.7 973
29 32.4 959
29 32.4 948
29 32.4 972
29 32.4 974
29 31.5 950
29 31.5 915
28 31.5 898
28 31.5 876
26 31.2 865
26 31.2 866
26 31.2 897
26 31.2 897
26 31.2 933
26 31.6 897
26 31.5 887
26 31.5 884
26 31.5 899
26 30.7 913
28 30.7 950
28 30.7 953
28 30.7 925
28 30.7 953
28 31.2 943
30 31.2 930
30 31.2 968
30 30.9 960
30 30.3 925
30 30.3 908
30 30.3 941
30 30.6 902
30 30.6 901
28 30.6 897
28 30.6 873
28 30.1 902
28 30.1 863
28 30.1 861
26 30.1 846
24 29.8 829
24 29.8 843
24 29.8 874
24 29.8 881
24 29.5 913
24 29.5 889
24 29.5 892
24 29.5 919
24 29 898
24 29 861
23 28.5 889
23 28.5 915
23 28.5 877
23 28.5 882
23 29.3 901
23 30 928
23 30 911
23 30 889
23 30 911
22 30.9 934
22 30.9 920
22 30.9 901
22 30.9 939
24 30.1 906
24 30.1 919
24 30.1 895
24 30.1 933
24 30.1 946
24 30.5 928
23 30.2 920
23 30.2 920
23 30.2 941
21 30.2 938
21 30.7 900
21 30.7 869
21 30.7 869
20 30.2 896
20 30.2 861
20 30.2 852
20 30.2 840
21 30 856
21 30.1 857
21 30.3 888
21 30.3 872
21 29.5 900
21 29.5 881
21 29.5 881
21 29.3 844
21 29.3 840
21 29.3 804
21 29.3 829
21 29.3 834
21 30 869
20 30 884
22 29.5 897
22 30.4 897
22 31.2 896
22 31.2 915
24 31.4 880
24 31.4 863
24 31.4 901
25 31.4 869
25 31.2 869
27 31.2 906
27 31.2 931
27 31.2 941
27 31.2 937
29 30.4 900
29 30.4 933
29 30.4 908
29 30.4 899
29 30.4 935
29 29.6 903
29 29.6 897
29 29.6 921
29 29.6 908
29 29.6 912
30 30.1 904
30 30.1 888
30 30.1 872
30 30.1 883
31 29.3 900
31 29.3 935
31 29.3 967
32 28.7 928
32 28.7 894
32 28.9 882
34 28.9 902
34 28.9 923
34 29.7 904
34 29.7 900
34 29.6 884
34 29.6 920
34 29.6 944
34 29.6 912
34 28.9 890
34 29.2 921
34 30 900
34 30 902
32 30 913
32 30 886
32 29.2 914
32 29.1 899
30 29.1 926
30 29.1 915
30 29.1 892
32 29.1 898
32 29.1 873
32 29.2 897
32 29.2 902
34 29.2 905
33 29.2 904
33 29.2 888
33 29.2 914
33 29.2 881
33 29.2 881
32 29.8 913
32 29.8 890
32 29.8 857
32 29.8 857
32 29.8 888
32 30.5 864
32 30.5 882
32 30.5 899
32 31 901
32 31 874
31 31 902
32 31 890
32 30.8 929
32 30.8 929
32 30.8 936
32 31.7 910
32 31.7 936
32 31.7 940
32 31.7 974
32 31.7 998
32 32.4 975
32 33.3 941
32 32.7 935
32 33.2 917
33 33.2 915
33 33.5 937
33 33.5 944
33 33.3 961
33 33.3 961
33 33.3 958
33 33.3 932
33 32.7 955
33 32.7 955
33 32.3 977
33 32.3 958
33 32.3 946
33 32.3 954
33 32.3 951
33 32.9 988
33 32.9 958
33 32.9 971
33 33.1 966
33 33.1 951
33 33.1 967
33 33 931
33 33 899
34 33.1 898
34 33.1 894
35 32.2 925
35 32.2 958
34 32.2 974
34 32.2 967
34 31.7 941
36 31.7 966
36 30.8 933
36 30.3 972
36 30.3 939
38 30.3 911
38 29.7 922
38 29.7 891
38 29.7 901
38 29.7 898
38 29.7 912
36 29.2 906
36 28.6 894
36 28.6 888
36 28.6 915
36 28.6 934
36 28.6 969
34 29.2 963
34 29.2 930
34 29.2 909
34 29.3 912
34 29.3 914
33 29.3 891
33 29.3 868
33 30.1 850
33 30.1 838
31 30.1 852
31 30.1 876
29 30.1 907
29 30.9 868
29 30.9 895
30 30.9 861
30 30.9 875
30 30.1 879
30 30.1 898
29 30.1 889
29 30.1 863
29 30.4 848
31 29.8 820
31 29.8 836
30 29.8 862
30 29.8 837
30 29.8 854
30 28.9 867
30 29.2 892
28 29.2 892
28 29.2 901
28 29.2 909
28 29.2 906
28 30.1 884
28 30.1 850
28 30.1 862
28 29.6 886
28 29.6 913
28 29.6 925
27 29.4 896
27 29.4 882
27 30.2 915
27 30.2 890
27 29.8 860
26 29.8 879
28 29.8 880
28 29.8 908
27 29.8 883
27 29.8 865
27 30.4 867
27 30.4 880
27 30.4 892
28 30.4 864
28 30.4 873
28 29.6 896
28 29.6 866
28 29.6 846
26 29.6 872
26 29.6 896
26 29.6 928
26 29.6 918
26 29.6 908
27 30.3 925
27 30.3 917
27 30.3 898
27 30.3 927
26 30.9 914
26 30.2 928
28 30.2 911
28 30.2 874
28 30.2 899
28 30.2 901
27 30.1 907
27 30.1 869
27 30.5 830
27 30.5 862
27 30.5 843
28 30.5 874
28 30 862
28 30 890
28 30 894
28 30 857
26 30.3 890
26 30.3 909
26 30.3 920
26 30.3 914
26 30.3 905
26 31 867
26 31 890
26 31 926
26 31 900
26 31 939
26 31.5 921
26 31.5 884
24 31.5 889
24 31.5 902
24 32.1 901
24 32.1 864
24 32 875
24 32 871
24 32 863
26 32 842
26 32 861
26 32.9 867
26 32.9 864
26 32.9 888
24 32.9 856
24 32.9 871
24 32.3 851
24 31.6 870
24 31.6 872
23 31.6 836
23 31.6 809
23 31.5 826
23 31.5 854
22 31.5 836
22 31.5 858
22 31.9 875
22 31.9 880
22 31.1 906
22 31.1 916
22 30.6 880
22 30.6 911
22 31.1 872
22 31.1 909
21 31.1 880
20 30.5 896
20 30.5 869
20 30.5 870
20 30.5 885
20 31 884
20 31 852
20 31 833
20 31 867
20 31 890
20 30.1 928
20 30.1 949
20 30.1 923
20 29.6 889
20 29.6 898
20 29.6 932
20 29.6 947
18 29.6 970
20 29.6 957
20 29.6 926
21 29.6 915
21 29.6 913
21 29.6 875
21 30.4 891
21 30.4 853
21 30.4 885
21 30.4 893
21 29.5 919
20 29.5 916
20 29.5 937
20 29.5 970
22 29.5 974
22 29.5 945
22 29.5 921
22 29.6 951
20 29.6 939
20 29.1 932
20 29.1 965
20 29.1 931
19 29.1 899
19 29.1 928
19 29.1 908
18 29.1 930
20 29.1 921
20 28.7 900
20 29.5 904
20 29.5 929
20 30.3 902
20 30.3 939
18 30.3 905
18 30.3 939
18 30.3 947
18 29.4 943
18 29.4 943
18 29.4 937
18 29.4 918
18 29.4 941
18 29.8 941
20 29.8 908
20 29.8 920
20 29.8 892
20 29.8 889
20 29.8 882
20 29.8 905
20 30.7 904
20 30.7 942
20 30.7 915
20 30.6 893
19 30.7 924
19 30.7 889
19 30.7 879
19 30.7 851
19 30.7 843
21 30.7 880
21 30 892
21 30 876
21 30.1 894
21 30.1 860
19 30.3 867
19 30.3 889
19 30.3 905
19 30.3 877
19 30.3 870
19 30.4 878
19 30.4 904
19 29.6 913
19 29.6 890
19 29.6 909
19 30.1 921
19 30.1 914
19 30.1 881
19 30.3 887
21 30.3 875
21 30.3 898
21 31.2 930
21 31.2 964
21 31.2 987
21 30.3 948
21 30.3 962
21 30.3 993
23 29.4 965
23 29.4 941
23 29.4 978
23 29.4 979
23 30 946
25 30 925
25 30 903
26 30 887
26 29.8 897
26 29.8 893
25 30.4 923
25 30.4 900
25 29.5 922
25 29.3 954
25 29.2 979
25 29.2 940
25 29.2 976
25 29.2 960
25 28.8 997
25 28.7 982
26 28.7 1012
26 28.7 1009
26 29.5 970
26 29.5 1004
28 29.5 986
28 29.5 956
28 29.5 930
27 28.6 930
27 28.6 903
27 28.6 940
27 28 926
26 28 916
26 28 932
26 28 928
26 28.8 899
26 28.8 894
26 28.8 862
26 29.5 889
26 29.5 900
24 29.5 913
24 28.8 915
24 28.8 917
24 29.4 946
25 30.1 916
25 30.1 884
25 30.1 876
25 31 881
25 31 873