52 30.4 410
52 30.4 434
50 30 463
50 31.7 464
50 30.5 443
51 30.5 476
49 30.6 450
49 30.6 465
49 28.9 500
47 28.9 486
47 30.3 504
49 30.3 501
49 28.9 486
49 28.9 477
50 28.5 499
50 28.5 512
50 27.7 513
51 27.7 535
53 29.2 504
53 28.6 539
53 28.8 576
53 30 573
53 30 548
54 29.1 564
54 29.1 530
54 30.3 492
54 31 455
56 31.5 470
55 31.5 503
55 32.8 478
56 32.8 456
56 32.7 482
56 32.7 521
56 31.8 487
56 30 462
54 30 501
54 30.7 484
56 31.2 457
56 31.2 434
57 30.1 412
57 30.1 425
56 30.8 445
56 28.9 459
57 30.7 459
57 30.7 469
59 31.1 474
61 30.3 452
63 30.8 454
63 30.8 457
63 30.8 486
62 29.1 486
62 28.4 466
62 28.9 431
62 27.2 400
62 28.8 368
64 28.8 359
64 30.7 374
62 29.5 386
60 28.8 409
60 30.3 379
60 30.3 400
58 31.6 428
58 30.3 450
58 30 417
58 31.8 405
60 32.8 438
60 30.9 414
60 30.9 385
60 30.8 406
60 29.5 369
62 29.5 368
63 31 375
62 29.9 394
62 29.9 418
62 30.6 442
64 28.8 481
64 28.8 505
63 27.8 493
63 28.1 493
63 28.1 466
61 28.3 487
60 28.3 503
60 29.6 500
60 30.2 489
58 30.2 513
60 30 481
60 30 477
59 30.5 456
59 30 430
59 31.6 463
57 29.9 435
57 30.2 434
57 30.2 436
57 29.1 455
57 29.4 423
55 27.7 457
55 27.7 470
56 26.6 455
56 26.6 457
56 26.2 426
54 27.5 438
54 27.5 441
54 27.9 410
54 29.2 374
54 29.2 412
54 28.3 436
54 27.7 410
56 27.8 386
56 27.6 365
57 27.6 363
57 28.6 399
58 29.4 431
56 29.4 407
56 30.3 369
57 31.6 343
57 31.6 336
57 30.1 352
56 30.1 368
55 30.1 370
55 31.9 344
55 31.6 309
54 31.6 346
54 30.7 316
53 30.7 312
52 29 322
52 30.2 356
50 30.1 361
49 29.7 395
49 30.9 426
47 31.3 448
47 29.9 421
47 30 460
47 28.5 456
49 28.5 476
50 29.9 498
50 29.9 521
51 28.8 511
51 29.6 534
50 29.3 509
50 29.3 472
49 30.2 501
49 30.2 528
50 31.2 511
50 31.4 534
49 32.1 552
49 32.1 560
50 32.7 526
50 32.7 503
50 31.3 482
50 30.6 517
52 29.8 517
52 29.8 478
54 30.7 486
54 30.7 471
53 29.8 463
53 29.8 463
51 29.8 468
50 29.8 457
51 28.7 439
52 28.7 403
50 28.7 371
50 27 378
50 27 381
50 28.3 396
50 28.3 420
50 28.3 429
50 29.9 447
50 31.6 482
50 31.6 490
48 30.5 464
47 31.7 475
47 30 468
47 30 493
47 31.8 466
49 30.9 464
48 30.9 462
48 30.2 444
47 30.2 483
47 31 496
47 30.7 494
49 29.1 479
49 30.9 477
48 30.9 450
48 32.8 486
49 32.8 516
49 33.5 513
49 33.5 503
47 33.5 485
47 33.5 467
47 32.1 496
47 33.8 492
47 33.2 462
46 33.2 442
48 33.9 408
49 34.4 404
49 33.6 421
49 33.6 445
49 33.1 441
47 34.3 408
46 34.3 369
46 32.4 382
46 32.4 382
46 30.8 357
47 32.4 357
47 32.4 383
47 32.4 409
48 32.4 373
48 31.2 375
48 29.4 341
48 29.4 350
46 29.9 351
45 29.9 354
45 30.4 361
45 30.4 400
46 31.9 406
46 33.5 421
46 33.5 422
46 32.8 391
48 32.8 353
46 31.8 326
47 31.8 323
47 31.7 344
47 31.9 362
47 31.5 366
47 32.5 371
47 32.2 380
47 30.6 419
47 30.2 422
45 30.2 394
45 30.3 421
46 30.3 430
46 31 417
47 31 401
48 31.3 380
48 31.3 378
50 31 400
50 31 379
50 31 381
50 31 404
50 31 404
48 31.9 426
48 30.1 431
50 30.1 442
50 31.6 410
52 30.7 435
52 30.7 422
51 29.7 404
52 29.7 401
52 28.9 435
52 29 460
52 29 484
52 28.1 450
52 29.9 482
52 29.9 493
51 30.2 506
49 30 494
49 31.8 456
49 31.8 476
49 31.2 439
51 31.1 411
51 31.1 443
51 32.1 479
51 32.1 479
50 33.4 489
52 33.4 492
54 33.4 487
53 31.6 514
53 31.6 476
53 31.6 494
55 33.2 512
55 33.2 474
55 32.7 435
55 31 463
55 31 492
54 32.5 456
54 32.5 490
55 31.9 467
55 31.9 438
54 30 464
56 28.2 490
56 27.6 461
57 28.2 439
57 28.2 463
58 29.1 468
60 29.1 457
58 29.1 427
58 27.3 390
58 29 397
57 29.9 436
57 29.9 471
57 29.1 470
57 29.1 432
56 30.8 411
56 30.8 415
55 28.9 418
55 28.9 401
56 28.8 385
56 28.8 405
56 27 418
54 27.4 421
52 27.4 416
52 25.7 386
51 25.7 408
51 27.4 437
52 25.5 461
52 25.5 469
52 25.6 467
50 26.4 471
50 26.4 469
48 27.7 483
48 27.8 444
46 27.4 435
46 28.7 455
47 29.3 443
48 29.3 431
48 30.5 399
49 31.4 399
51 31.4 396
52 30.2 398
52 30.2 424
52 31 457
52 31 473
52 31 503
50 31 483
50 31.4 496
48 31.4 460
48 32.6 459
47 30.9 435
47 30.9 473
49 30.8 483
49 30.8 446
47 29.9 469
47 29.9 466
48 30 471
48 28.3 460
48 27.3 451
48 27.3 432
48 27.3 462
48 27.3 453
46 29.2 445
48 29.2 453
48 29.9 476
48 28.5 458
48 29.8 478
49 29.8 463
50 28.5 491
50 28.5 515
50 29.9 481
50 29.9 505
52 29 529
52 30.5 529
52 30.5 529
52 29.4 506
51 29.4 507
51 29.1 476
49 30.5 471
51 28.9 449
51 30 475
50 30 513
50 30.8 527
52 30.8 564
52 31.1 561
50 30 540
50 30.3 578
48 30.3 570
48 28.7 563
48 29.5 560
50 29.5 570
49 28.4 597
49 28.8 573
49 29.7 563
49 29.7 561
47 28.2 553
45 27.9 536
45 29.3 534
46 30.6 520
46 30.2 523
46 30.9 524
46 30.9 503
46 29.2 542
45 30.2 528
45 30.2 502
45 28.4 518
45 30.1 545
45 29.4 546
45 29.4 508
44 30.3 531
44 28.4 528
44 28.4 511
42 29.7 540
42 29.7 554
42 30.7 567
42 32.1 549
41 31.3 549
42 31.3 527
42 30.7 502
40 32.3 472
40 32.3 451
42 33 415
42 33 443
42 32 459
42 32 495
44 33.2 526
44 33.2 513
44 32.8 475
44 33.6 456
46 33.6 417
46 33.2 381
46 33.2 406
46 32.7 441
48 32.7 443
48 31.3 458
50 30.8 471
51 30.8 488
49 30.9 504
49 29.9 487
49 28.1 452
47 29.4 452
49 29.4 415
50 31.3 422
52 31.3 394
52 29.6 407
50 30.1 398
51 30.1 366
51 29.1 360
51 27.8 364
51 27.8 364
51 28.6 400
51 28.6 396
51 29.6 402
51 29.6 429
51 30.7 411
51 30.7 418
50 28.8 444
50 29 448
52 29 468
53 29.8 449
53 29.8 484
53 28.2 450
55 28.2 474
55 29.4 473
53 29.2 465
55 29.2 434
57 29.3 415
58 27.6 426
56 27.6 387
56 28 415
55 29.2 409
53 29.9 398
53 29.9 429
53 29.5 451
53 29.5 419
53 28.2 449
53 28.7 414
53 28.7 424
53 29.7 423
51 29.7 407
51 30.3 432
51 29 465
51 29 503
50 30.6 535
50 30.6 512
50 30.6 491
50 30.6 488
49 29.7 499
49 29.7 516
50 29.9 540
50 29.2 525
51 30.9 523
51 30.9 562
51 32.1 557
51 32.8 548
51 32.8 522
51 32.2 526
53 30.4 509
53 30.4 474
53 28.5 508
51 28.5 523
52 28.7 502
54 28.7 505
54 29.4 483
52 28.9 470
53 28.8 496
55 27.8 496
55 29.6 472
57 31.5 469
57 31.5 505
58 30.6 478
58 30.6 491
58 30.8 476
58 30.8 502
56 32.4 466
56 32.4 504
58 31.9 492
60 31.9 492
61 31.9 473
61 32.2 508
61 30.6 470
63 30.6 436
61 31.9 415
62 31.9 410
62 32.9 438
61 32.9 449
61 31.8 443
60 30 410
62 30 424
60 31.5 414
60 31.5 398
59 30.9 423
59 30.9 450
60 32.4 483
62 32.4 492
62 30.9 464
60 30.9 467
61 29.4 444
61 29.4 424
60 29.5 412
60 27.7 426
60 27.7 456
58 29.6 428
58 29.6 434
58 31.4 400
58 30 362
56 30.9 341
54 30.9 367
55 29.4 396
53 29.4 418
52 29 450
52 29.6 435
52 29.6 431
52 27.7 418
52 28.2 410
52 28.2 410
52 29 374
52 29 371
52 28.8 405
51 28.8 378
50 30.7 362
51 30.7 373
49 29.1 357
49 30.5 375
51 30 379
51 29 383
50 29 380
50 29.7 389
48 31.5 417
47 31.5 432
47 31.7 419
47 31.7 443
47 30.9 481
48 31.8 519
48 31.5 545
48 30.8 515
50 30.8 541
50 31.2 503
51 30.3 468
51 31.3 461
50 32.6 498
50 33.6 459
50 33.6 472
50 31.9 486
52 31.9 469
53 30.6 483
53 29.4 462
55 29.4 496
55 27.9 474
53 27.9 489
53 29 526
53 27.5 488
53 27.9 505
52 27.9 492
52 28.8 511
52 28.8 505
52 29.7 532
51 29.1 555
51 29.1 591
51 28.5 552
52 30.3 573
50 28.5 586
50 28 570
50 28 609
50 29.7 593
50 29.3 593
52 29.3 572
52 31.2 591
50 31.2 620
49 31.5 652
49 30 649
48 29.2 641
49 29.2 637
49 28.4 601
48 30 575
48 29.2 546
48 30.7 568
48 30.7 592
47 30.3 597
47 30.3 569
48 31.8 564
48 30.7 589
46 29 561
46 28.9 532
45 28.3 548
44 28.9 570
46 29.2 585
45 29.2 557
45 27.3 523
46 27.3 495
46 27.1 486
48 27.1 507
48 27.7 487
48 28.8 456
47 28.8 446
47 30.2 418
49 30.2 399
49 29.5 427
48 29.5 433
48 29.9 469
49 29.9 439
49 29.7 464
51 29.7 454
51 30.9 427
51 29 453
50 30.6 485
50 30.6 518
48 29.6 484
48 29.6 453
49 30.6 468
49 30.5 478
49 30.5 511
49 31.9 496
47 31.9 480
47 31 500
47 30.3 500
49 30.2 493
49 29.9 496
49 29.9 477
47 29.9 514
47 29.9 501
47 31.5 500
47 31.1 500
47 29.9 494
47 28.2 515
47 28.2 492
45 28.2 520
45 28.5 517
43 28.5 540
43 30.4 502
43 30.4 475
43 30.3 453
42 31.4 484
42 31.4 449
40 30.4 421
38 31.5 384
36 31.5 396
36 29.9 365
34 29.9 393
34 29.4 425
35 29.4 460
36 28.6 453
36 29.5 464
38 29.5 485
38 30.4 504
38 30.4 512
39 32.3 473
39 30.8 437
38 30.1 404
38 30.1 416
39 31 404
41 29.4 382
41 29.8 350
41 31.3 362
41 31.3 393
43 29.4 365
43 29.8 400
43 29.8 426
42 29.2 447
42 29.2 425
43 27.9 400
44 27.9 375
45 28.9 352
45 28 374
44 29.2 413
44 29.2 408
45 28.2 444
44 29.6 481
44 29.5 499
44 29.5 537
44 27.6 571
46 27.6 553
46 28.6 545
48 30.3 540
48 30.3 539
49 32 523
49 33.4 562
50 33.4 593
50 32.6 576
50 32.6 613
52 30.9 588
52 30.9 570
52 31.1 568
53 31.1 562
53 30.5 591
54 28.8 559
54 30 598
56 28.5 564
56 26.8 587
56 26.8 581
55 26.8 588
55 26.8 561
55 26.8 552
55 27 587
54 27.2 550
54 27.2 554
56 27.4 521
54 27.4 536
54 28.6 504
52 28.6 540
54 30.2 504
52 29.1 469
52 29.1 456
50 27.8 466
50 27.8 479
52 29.7 472
52 29.7 494
54 30 483
54 30 522
52 31.6 540
51 31.3 556
51 31.3 532
49 30.5 515
49 30.5 492
48 29.9 474
46 30.9 435
46 29.1 423
47 30.3 406
49 29 409
49 29.5 385
51 29.5 378
49 31.4 406
50 31.4 425
50 33 460
51 31.9 425
52 31.9 418
52 30.1 402
52 30.1 379
52 29.3 399
50 29.3 395
50 29.6 420
52 30.7 436
52 30.5 451
54 29.8 435
54 31.1 466
53 31.1 495
53 29.7 462
51 27.9 470
53 27.9 485
51 28 485
51 28 461
52 28.6 443
52 28.8 463
52 28.8 438
52 29.2 412
52 30.2 434
52 31.5 421
52 31.6 438
53 31.6 402
53 30.5 416
53 30.5 404
51 29.5 402
50 29.6 405
50 29.6 383
50 30.9 352
50 29.4 370
50 27.7 405
49 27.7 401
47 28.6 365
47 28.6 378
48 27.9 407
50 27.9 428
50 26.6 445
50 26.6 422
48 27.6 442
48 27.6 449
48 28.3 470
50 30.1 483
50 30.1 451
52 29.5 416
54 29.5 423
53 28.4 397
53 26.7 412
53 26.7 442
53 26.3 447
52 25 458
52 25 419
54 26.7 445
54 26.7 451
54 28.5 428
53 29.8 466
53 31.3 467
52 31.3 479
52 30.8 500
52 30.8 467
53 30.9 447
53 32.3 449
53 33.9 422
55 33.9 412
54 32 374
54 32 347
54 30.6 323
54 30.6 344
54 29 357
54 29 369
52 30.8 349
52 31.2 367
50 31.2 372
50 30.6 382
51 30.6 372
51 28.9 359
50 29.2 362
50 29.2 359
50 29.2 368
50 30 400
49 30.1 380
49 30.7 344
49 29.2 371
49 30.5 368
50 30.5 405
49 31.1 431
49 33 392
50 31.5 410
51 30.5 386
51 30.2 376
49 30.2 346
51 29.7 347
51 28 337
51 28 327
51 29 348
51 29 314
49 29.2 329
49 28.7 329
48 28.7 323
48 29.3 342
47 29.3 343
47 27.4 373
46 27.4 339
46 28.2 354
44 28.2 362
44 28.2 379
44 28.2 386
45 27.1 388
45 28.1 424
43 29.4 438
43 29.3 412
41 29.3 401
41 29.4 370
43 30.7 384
43 30.7 381
45 29.8 407
45 29.8 432
43 29.6 417
41 29.6 408
41 29.1 445
40 27.7 484
40 29.6 447
39 29.6 456
37 30.4 485
37 31 453
37 31 422
37 31.5 446
35 31.4 464
35 31.4 486
35 32.2 508
35 33.9 487
36 33.1 483
36 32 461
34 32.7 439
34 31.5 434
35 30.9 438
37 30.2 401
37 30.2 384
38 32 353
38 32 361
38 33.6 390
39 33.6 408
39 33.1 420
37 33.1 413
37 34.6 431
37 34.6 403
37 32.7 442
37 32 460
37 33.6 423
39 35.3 398
39 33.7 393
39 32.7 402
39 32.7 415
40 32.9 430
40 32.9 454
39 31.7 447
39 32.8 479
39 32.8 493
39 32 456
38 30.1 436
39 30.1 452
41 28.9 445
41 28.1 460
39 28.1 452
39 28 463
37 28 473
37 29.9 451
37 29.9 463
39 30.4 462
38 28.6 494
39 28.6 496
37 28.8 467
38 28.8 440
36 28.7 447
36 28.7 486
36 30.4 480
36 31.9 510
36 32.7 546
37 33.7 521
37 32.4 506
37 32.4 498
39 31.8 484
39 31.8 482
38 31.7 499
40 31.4 513
40 31.4 481
42 30.3 469
40 30.3 477
38 29.5 442
38 27.6 440
39 28.6 436
39 28.6 434
40 26.8 441
40 26.8 425
41 27.6 402
41 28.2 376
40 29.2 360
40 29.2 367
40 30.7 403
38 30.7 404
38 29.5 392
38 29.5 420
36 27.8 434
36 29.7 396
37 29.7 409
37 28.8 447
38 29.4 456
38 29.4 480
37 30 483
37 30.6 511
38 30.6 550
39 31.9 523
37 31.7 522
36 29.8 547
36 30.4 541
38 30.4 570
38 29.7 555
38 29.7 539
38 30.2 532
38 28.6 535
40 28.6 552
38 30.2 537
38 30.2 511
38 31.4 537
36 31.4 512
36 31.8 497
38 31.6 477
36 29.7 490
36 29.7 518
34 29.5 510
36 29.8 477
38 30.5 500
36 30.5 538
36 30.5 561
35 29 552
33 29 561
33 29.4 561
33 29.7 544
34 29.7 554
34 30.5 571
33 30.5 547
33 30.7 539
31 30.2 539
31 30.2 535
31 30.5 513
31 30.5 508