73 27.2 707
73 27.2 734
73 27.2 734
73 27.3 716
73 27.3 742
72 27.3 737
72 27.3 737
72 27.2 714
74 27.2 725
74 27.2 686
74 27.0 686
74 27.0 719
74 27.0 719
74 26.8 702
74 26.8 702
74 26.8 706
74 26.8 735
74 26.8 735
74 26.7 721
74 26.7 721
74 26.7 715
74 26.7 698
74 26.7 698
74 26.5 720
74 26.5 740
74 26.5 740
74 26.5 755
74 26.6 752
72 26.6 788
72 26.4 788
72 26.6 789
72 26.6 789
72 26.6 761
74 26.7 731
74 26.7 731
74 26.6 716
74 26.6 716
75 26.6 692
75 26.6 701
75 26.5 704
75 26.5 696
75 26.5 696
75 26.5 705
75 26.5 743
75 26.5 743
77 26.5 758
77 26.5 726
77 26.5 726
77 26.7 748
77 26.7 748
77 26.7 750
79 26.8 720
79 26.8 728
79 26.7 736
79 26.7 699
77 26.5 691
77 26.6 691
77 26.6 723
77 26.6 761
77 26.6 761
76 26.8 735
76 26.8 770
76 26.8 795
76 26.8 795
76 26.9 774
78 26.9 774
78 26.9 739
78 26.9 731
78 26.8 731
78 26.6 732
78 26.7 747
80 26.7 747
80 26.7 735
80 26.7 735
80 26.7 768
78 26.7 793
78 26.7 793
78 26.7 768
78 26.6 768
76 26.6 735
76 26.6 735
76 26.6 752
76 26.6 752
76 26.6 784
74 26.6 784
74 26.5 759
73 26.5 738
73 26.5 713
73 26.5 713
73 26.5 691
73 26.5 691
74 26.4 691
74 26.4 691
75 26.4 705
75 26.2 723
75 26.3 734
75 26.3 734
75 26.3 710
75 26.3 710
75 26.3 720
77 26.4 720
77 26.4 726
77 26.4 760
75 26.4 738
75 26.3 773
75 26.3 773
75 26.3 743
75 26.3 732
75 26.3 732
76 26.3 710
76 26.3 710
76 26.3 677
76 26.4 677
76 26.4 677
76 26.2 697
76 26.2 661
76 26.2 666
76 26.2 666
76 26.2 703
76 26.4 671
76 26.4 671
76 26.5 676
76 26.5 692
76 26.5 692
76 26.5 694
76 26.7 694
76 26.7 701
76 26.6 701
76 26.6 736
74 26.6 736
74 26.6 715
74 26.6 715
72 26.6 725
72 26.4 758
72 26.4 730
72 26.4 730
72 26.4 717
72 26.4 680
72 26.4 680
74 26.4 712
74 26.4 712
74 26.4 697
74 26.6 697
74 26.6 722
74 26.6 704
74 26.6 704
74 26.6 727
74 26.6 735
75 26.6 735
75 26.6 722
75 26.5 722
75 26.5 690
75 26.5 720
75 26.4 730
75 26.3 730
75 26.3 730
75 26.5 730
75 26.5 754
75 26.5 749
75 26.6 756
77 26.6 781
77 26.8 781
79 26.8 805
79 26.8 767
79 26.8 755
79 27.0 732
79 27.0 732
79 27.0 732
79 26.8 732
79 26.8 723
79 26.8 745
79 26.8 745
81 26.8 774
81 26.8 746
81 26.7 784
81 26.6 745
81 26.6 769
81 26.6 769
80 26.6 793
80 26.6 793
80 26.6 771
80 26.6 771
78 26.7 758
78 26.5 771
78 26.5 771
78 26.4 737
77 26.4 726
77 26.4 713
77 26.4 713
77 26.6 699
75 26.6 703
75 26.3 703
75 26.3 703
75 26.3 738
77 26.6 738
78 26.6 704
78 26.3 704
78 26.3 733
78 26.3 733
76 26.3 767
76 26.5 738
76 26.5 756
76 26.5 756
76 26.4 748
78 26.4 748
78 26.4 762
78 26.4 731
78 26.2 759
77 26.2 751
77 26.2 751
77 26.2 727
76 26.2 758
76 26.2 758
78 26.4 748
80 26.5 772
80 26.5 772
80 26.5 746
80 26.6 746
80 26.6 775
80 26.7 773
80 26.7 772
80 26.7 742
80 26.8 774
80 26.8 746
82 26.8 746
82 26.9 758
82 26.9 720
83 26.9 742
83 26.9 742
83 26.7 740
83 26.7 740
83 26.7 772
82 26.7 765
82 26.7 783
82 26.7 774
82 26.9 774
84 26.9 775
84 27.1 775
84 27.1 747
84 27.1 782
83 27.1 782
83 27.0 780
83 27.0 751
83 27.0 751
83 27.0 721
83 26.9 750
83 26.9 733
83 26.9 733
82 26.9 741
82 27.0 753
82 27.0 779
82 27.2 756
82 27.2 747
82 27.2 752
81 27.2 728
81 27.3 713
81 27.3 725
81 27.3 756
81 27.3 734
79 27.5 738
79 27.5 718
79 27.5 691
79 27.5 721
79 27.4 721
79 27.4 760
79 27.6 760
79 27.6 726
79 27.6 726
79 27.8 720
80 27.8 684
80 27.8 684
80 27.8 673
80 27.8 673
80 27.8 657
80 27.8 662
80 27.9 676
80 27.9 676
80 27.9 704
81 27.9 673
81 27.9 673
81 27.9 648
81 28.1 681
81 28.1 689
81 27.8 689
79 27.8 716
79 27.9 746
77 27.9 768
77 28.0 749
77 28.0 749
79 28.0 742
79 28.0 742
77 28.0 722
77 28.0 688
77 28.0 688
77 27.9 705
76 27.9 728
76 27.9 728
76 27.7 723
76 27.7 723
76 27.7 715
74 27.7 715
74 27.7 703
74 27.7 703
74 27.7 671
72 27.7 671
72 27.6 688
72 27.6 688
72 27.6 703
72 27.4 703
72 27.4 703
72 27.4 703
72 27.4 679
74 27.4 697
74 27.4 709
74 27.6 704
74 27.6 722
74 27.6 722
74 27.6 755
73 27.8 755
71 27.8 751
71 27.8 751
71 27.8 759
71 27.9 759
71 28.0 758
73 27.9 724
73 27.9 739
73 28.0 739
73 28.0 739
73 28.0 748
73 27.9 764
75 27.7 763
75 27.7 799
75 27.8 787
75 27.8 787
75 27.8 753
75 27.8 725
77 27.8 725
77 27.8 762
77 27.7 730
78 27.5 699
77 27.5 733
79 27.7 733
79 27.6 704
79 27.6 704
79 27.6 702
79 27.6 686
79 27.5 686
79 27.6 693
79 27.6 729
79 27.6 751
79 27.4 751
79 27.4 738
79 27.4 738
77 27.4 736
77 27.5 736
77 27.5 720
77 27.4 682
79 27.4 684
79 27.5 684
79 27.5 684
79 27.4 699
79 27.4 699
79 27.3 732
81 27.3 732
79 27.3 711
79 27.3 721
79 27.1 721
79 27.1 749
80 27.1 721
82 27.1 706
82 27.1 706
82 27.1 689
82 27.4 689
82 27.4 674
81 27.5 701
81 27.5 732
81 27.5 732
81 27.5 737
81 27.4 729
81 27.4 729
81 27.3 764
80 27.3 764
80 27.3 791
80 27.1 787
79 27.1 761
79 27.1 761
79 27.1 728
79 27.1 712
79 27.1 693
79 27.1 693
79 27.3 658
79 27.3 658
79 27.3 683
80 27.3 719
80 27.3 719
80 27.3 732
81 27.2 732
81 27.0 767
81 26.7 752
81 26.7 752
81 26.7 744
83 26.7 744
83 26.7 759
83 26.7 759
83 26.7 740
83 26.7 709
84 26.5 696
84 26.5 682
84 26.7 691
82 26.7 691
82 26.9 671
82 27.1 671
82 27.0 706
82 27.0 712
82 27.0 712
82 27.1 713
82 27.1 706
82 27.1 706
82 27.1 731
82 26.9 734
82 26.9 735
84 26.9 735
84 26.9 698
84 27.0 699
84 27.0 668
84 27.0 668
84 27.1 670
84 27.1 688
83 27.1 650
83 27.1 684
83 27.1 689
85 27.1 689
85 26.9 665
85 26.9 665
85 26.9 665
85 26.9 700
85 26.9 700
85 26.9 719
85 27.0 691
85 27.0 708
86 27.0 692
86 27.2 692
86 27.2 706
86 27.2 706
86 27.2 745
84 27.2 740
84 27.3 740
84 27.3 778
84 27.3 778
84 27.3 743
84 27.3 743
82 27.3 754
82 27.3 754
82 27.2 733
82 27.2 722
82 27.3 685
82 27.4 687
82 27.4 687
83 27.4 698
83 27.4 698
83 27.2 721
83 27.2 704
81 27.2 709
81 27.2 709
81 27.5 694
81 27.5 684
81 27.5 699
81 27.5 665
81 27.5 698
81 27.5 668
79 27.5 668
79 27.5 670
79 27.5 655
79 27.5 655
79 27.5 683
80 27.5 708
80 27.5 708
80 27.5 738
80 27.6 738
80 27.6 716
80 27.3 716
80 27.3 712
80 27.2 712
80 27.2 725
80 27.2 725
80 27.0 763
80 27.0 760
80 27.0 760
80 27.0 738
80 27.0 726
80 27.2 726
82 27.0 761
82 27.0 761
82 27.0 741
82 27.0 741
82 27.2 759
80 27.2 759
78 27.2 730
78 27.2 718
77 27.2 728
77 27.3 728
77 27.3 728
77 27.3 758
78 27.3 721
78 27.3 721
78 27.3 698
78 27.3 724
78 27.3 724
78 27.3 725
78 27.3 707
78 27.5 746
78 27.5 741
78 27.3 741
76 27.3 741
76 27.4 767
76 27.6 767
78 27.5 752
78 27.5 751
78 27.5 718
78 27.6 718
78 27.6 701
80 27.6 701
82 27.3 736
80 27.3 736
79 27.4 760
79 27.2 792
79 27.2 792
79 27.2 782
79 27.0 808
79 27.0 790
79 27.0 790
81 27.0 786
81 26.8 786
81 26.8 774
81 26.8 745
81 26.8 724
82 26.8 724
82 26.8 752
82 27.0 727
82 27.0 727
82 27.0 748
82 26.9 737
80 26.9 707
81 26.9 682
81 26.7 682
81 26.7 645
81 26.7 645
81 26.8 652
81 26.8 652
81 27.1 657
81 27.1 679
81 27.1 679
81 27.1 679
81 26.9 679
81 26.9 684
81 26.9 722
81 26.8 722
81 26.8 724
81 26.6 748
81 26.6 730
81 26.6 767
81 26.7 767
81 26.7 766
81 26.7 766
79 26.7 767
79 26.7 729
79 26.8 751
79 26.8 780
79 26.8 775
81 27.0 775
81 27.0 799
81 27.1 799
81 27.0 821
83 27.0 784
83 27.0 755
83 27.0 761
83 26.7 761
85 26.7 753
83 26.7 773
84 26.7 747
84 26.5 747
84 26.3 769
84 26.3 769
84 26.3 768
86 26.3 768
87 26.2 757
87 26.4 750
87 26.4 729
87 26.4 729
87 26.4 730
86 26.5 730
86 26.5 756
86 26.4 756
86 26.5 744
86 26.5 754
86 26.5 761
85 26.5 754
85 26.5 754
85 26.7 725
87 26.7 744
87 26.7 744
87 26.7 741
87 26.8 739
85 26.8 772
85 26.8 756
85 26.8 756
85 26.8 756
85 26.6 729
85 26.6 729
85 26.6 692
85 26.5 692
85 26.5 672
85 26.6 672
87 26.6 672
87 26.6 672
87 26.6 641
87 26.8 666
87 26.8 640
87 26.8 640
87 26.8 603
87 26.7 603
87 26.7 640
87 26.7 651
88 26.7 651
88 26.7 669
88 26.7 669
88 26.7 632
88 26.7 632
86 26.7 645
86 26.8 645
86 26.8 648
86 26.8 648
86 26.8 650
86 26.8 624
86 26.8 655
86 26.7 660
86 26.7 660
86 26.7 686
88 26.7 667
88 26.7 667
88 26.7 647
88 26.7 647
86 26.7 661
86 26.7 661
86 27.0 700
84 27.2 700
84 27.3 717
84 27.3 743
84 27.3 743
84 27.2 725
84 27.2 712
84 27.2 712
82 27.1 743
82 27.1 731
82 27.1 761
82 27.1 752
82 27.1 752
82 27.1 754
82 27.1 754
82 27.1 743
82 27.2 745
82 27.2 745
80 27.2 769
80 27.1 769
80 27.1 769
80 26.9 769
80 26.9 747
80 26.9 764
80 26.8 764
80 26.8 753
80 26.8 754
80 26.8 723
80 26.8 723
80 26.6 759
80 26.6 747
82 26.6 747
82 26.6 737
82 26.6 737
83 26.6 702
83 26.6 702
83 26.7 701
83 26.7 704
81 26.7 713
81 26.7 713
81 26.9 701
81 26.9 729
81 27.1 729
81 27.1 696
81 27.1 668
81 27.0 703
81 27.0 703
81 27.0 670
81 26.9 702
81 26.9 702
81 26.9 670
81 27.0 678
81 27.0 678
82 26.8 645
82 26.8 645
82 26.8 679
82 26.8 653
80 26.7 688
82 26.7 688
82 26.7 662
82 26.7 682
84 26.8 682
84 26.8 671
84 26.7 671
84 26.6 672
86 26.5 672
86 26.5 708
86 26.5 708
86 26.6 706
86 26.7 706
85 26.7 713
85 26.7 713
85 26.9 714
85 26.9 714
85 27.0 741
83 27.0 741
83 27.0 727
83 27.0 727
81 26.8 714
81 26.8 709
83 26.8 713
81 26.9 737
81 27.1 737
81 27.1 729
81 27.1 766
81 27.1 793
81 26.9 793
81 26.9 776
81 26.9 754
81 26.9 755
81 27.0 726
81 27.0 749
80 27.0 738
80 27.0 775
80 26.9 775
80 26.9 804
80 27.1 826
80 27.1 826
80 27.1 812
80 27.0 800
81 27.2 787
81 27.2 754
80 27.2 725
80 27.2 725
80 27.4 762
80 27.6 762
80 27.6 736
80 27.7 698
80 27.9 698
79 27.9 719
79 27.9 748
79 27.9 775
79 27.9 775
79 27.8 803
79 27.8 792
79 27.8 792
79 27.8 808
79 27.7 772
77 27.7 784
77 27.7 784
79 27.7 816
77 27.6 816
77 27.6 800
76 27.6 774
76 27.6 774
76 27.8 745
76 27.8 745
76 27.8 706
76 27.8 706
76 27.7 735
76 27.7 735
76 27.7 710
76 27.7 690
77 27.9 690
77 27.9 700
77 27.9 700
77 27.8 666
77 27.8 681
76 27.8 681
76 28.0 644
76 28.0 667
76 28.0 700
76 28.0 703
76 28.0 702
76 28.0 702
76 28.0 721
78 28.0 711
78 28.0 694
78 28.1 694
78 28.1 680
78 28.1 656
78 28.0 660
78 28.0 673
77 27.9 673
78 27.6 680
78 27.6 685
78 27.6 685
78 27.4 713
77 27.4 713
77 27.4 726
77 27.3 712
77 27.3 712
76 27.3 731
76 27.3 710
76 27.2 710
75 27.3 684
75 27.3 684
75 27.3 688
75 27.3 688
75 27.3 693
73 27.1 717
73 27.0 714
72 27.0 720
72 27.0 725
72 27.0 752
73 27.1 784
73 27.1 750
73 27.1 748
73 27.1 764
73 27.2 726
73 27.2 746
73 27.0 746
73 26.8 758
73 26.8 739
73 26.8 766
74 26.9 745
74 26.9 716
74 26.9 678
74 26.9 678
74 26.7 714
73 26.7 714
73 26.7 753
74 26.8 753
73 26.8 739
73 26.8 739
73 26.9 741
71 26.9 752
71 26.9 752
72 26.9 730
72 26.7 730
72 26.7 722
72 26.7 750
71 26.7 735
71 26.8 756
71 26.8 756
71 26.8 742
71 26.8 742
72 26.8 773
72 26.7 748
71 26.7 748
71 26.7 754
71 26.7 754
71 26.6 724
71 26.6 699
71 26.6 699
70 26.6 683
70 26.5 683
70 26.5 693
70 26.5 693
68 26.3 693
68 26.3 710
68 26.3 746
68 26.3 725
68 26.3 725
68 26.3 763
68 26.3 763
68 26.3 733
68 26.4 733
68 26.4 700
68 26.4 700
69 26.4 697
69 26.3 686
69 26.5 713
69 26.5 713
69 26.6 696
69 26.7 696
69 26.7 731
69 26.7 705
67 26.7 720
67 26.9 757
68 27.2 757
68 27.2 778
68 27.2 778
70 27.2 777
70 27.0 768
70 27.0 772
70 27.0 747
70 27.0 747
70 27.0 730
70 27.0 731
70 27.0 696
70 27.0 657
70 27.1 657
70 27.1 678
70 27.1 695
69 27.1 695
69 27.1 713
69 27.1 713
69 27.1 743
69 27.1 743
69 27.1 735
70 27.1 713
70 27.2 740
70 27.2 764
70 27.2 751
72 27.2 751
72 27.2 777
72 27.2 777
72 27.3 742
73 27.3 719
73 27.2 742
73 27.2 742
73 27.3 741
73 27.3 756
72 27.5 756
72 27.5 747
72 27.3 747
72 27.3 718
72 27.3 751
72 27.3 751
71 27.3 759
71 27.3 739
69 27.3 755
69 27.3 739
69 27.3 739
69 27.2 758
69 27.2 719
69 27.3 752
69 27.0 720
71 27.2 757
70 27.2 745
70 27.2 745
70 27.2 740
70 27.2 740
71 27.0 709
71 26.8 710
71 26.8 723
71 26.7 732
71 26.7 732
71 26.7 720
71 26.7 730
71 26.8 692
71 26.8 692
69 26.8 699
69 26.8 713
69 27.0 719
69 27.0 713
69 27.0 738
68 27.2 738
69 27.3 745
69 27.3 709
69 27.4 709
71 27.4 718
69 27.2 729
69 27.2 732
69 27.2 732
69 27.2 708
69 27.2 723
69 27.2 723
69 27.2 700
71 27.2 700
71 27.4 700
71 27.4 688
71 27.5 715
71 27.5 719
71 27.5 722
71 27.3 722
70 27.3 733
70 27.3 741
71 27.2 741
71 27.2 727
71 27.0 731
71 27.0 731
72 27.0 750
71 27.0 741
71 26.8 732
71 26.9 703
71 26.9 721
71 26.9 721
71 26.9 704
72 27.0 704
71 27.0 720
70 27.0 720
70 27.2 698