50 34.2 644
50 34.3 671
50 34.3 706
50 34.3 706
48 34.3 728
48 34.3 728
48 34.2 717
49 34.2 684
49 34.2 684
49 34.2 715
49 34.2 715
51 34.4 718
51 34.4 754
51 34.4 754
51 34.4 754
52 34.4 754
54 34.4 721
52 34.3 721
52 34.3 737
52 34.3 737
52 34.2 734
50 34.1 734
50 34.1 695
50 34.1 695
48 34.4 712
48 34.4 713
48 34.3 713
48 34.3 743
48 34.3 743
48 34.3 726
48 34.1 747
48 34.1 747
48 33.9 739
50 33.9 739
50 33.9 722
50 34.0 722
50 34.0 692
48 33.8 696
46 33.6 703
46 33.6 703
46 33.6 690
46 33.6 669
45 33.6 669
45 33.5 708
45 33.5 708
45 33.5 731
45 33.5 731
45 33.5 753
45 33.5 776
45 33.6 776
47 33.6 776
47 33.6 785
47 33.6 763
47 33.8 780
47 33.8 780
47 33.8 748
47 33.8 748
49 33.8 770
49 33.9 770
49 33.9 751
50 33.9 751
50 33.9 748
50 33.9 740
50 33.9 715
51 33.8 715
49 33.8 686
49 33.8 686
49 33.8 678
49 33.9 678
47 34.1 714
47 34.1 685
47 34.1 714
47 34.1 739
49 34.1 739
49 34.1 765
49 34.1 765
49 34.1 730
47 34.1 697
47 34.1 703
48 33.8 693
50 33.8 732
50 33.8 732
50 33.8 702
50 33.8 702
49 33.9 675
49 33.9 675
49 33.9 706
47 33.9 706
47 33.9 682
47 34.1 682
47 34.1 689
45 34.1 692
45 34.2 705
45 34.0 682
45 34.0 682
45 34.0 707
45 34.0 707
43 34.0 693
44 34.0 693
44 34.0 698
44 34.0 712
42 34.0 730
44 34.0 706
44 34.0 706
44 34.0 706
43 34.0 741
43 33.8 741
42 33.8 748
41 33.8 748
41 33.7 746
41 33.7 746
41 33.7 722
40 33.7 711
41 33.7 711
41 33.8 733
41 33.8 733
41 33.8 700
42 33.8 700
42 33.8 700
42 33.6 720
42 33.6 689
42 33.6 721
41 33.6 695
41 33.6 711
41 33.6 711
41 33.6 736
41 33.6 736
41 33.6 775
41 33.6 790
41 33.7 790
41 33.7 778
43 33.7 775
43 33.7 775
43 33.7 748
43 33.7 767
43 33.7 767
41 33.7 762
42 33.7 729
42 33.7 729
42 33.6 745
42 33.6 773
41 33.6 773
41 33.6 762
41 33.6 724
42 33.6 724
42 33.5 709
42 33.5 709
42 33.5 734
42 33.5 716
42 33.5 716
42 33.5 748
42 33.5 756
42 33.5 756
42 33.5 743
42 33.5 743
40 33.5 711
40 33.5 741
40 33.5 737
40 33.6 714
40 33.6 714
39 33.6 710
39 33.6 710
39 33.6 679
39 33.6 679
38 33.6 687
38 33.6 720
38 33.6 720
38 33.6 688
40 33.6 688
40 33.4 713
39 33.4 701
40 33.4 701
40 33.4 701
40 33.4 696
40 33.5 705
40 33.5 727
40 33.6 727
42 33.8 707
42 33.8 681
42 33.8 681
42 33.8 694
42 33.8 700
42 33.8 700
42 33.8 701
42 33.8 725
44 33.8 725
44 33.6 751
44 33.6 751
44 33.6 725
44 33.7 709
44 33.7 709
44 33.7 675
43 33.8 676
43 33.8 702
44 33.8 735
44 33.8 735
44 34.0 721
44 34.0 698
42 34.0 670
42 34.2 705
42 34.2 705
44 34.0 714
46 34.0 683
46 34.0 702
46 34.0 702
44 34.0 731
44 34.0 731
44 33.8 765
46 33.8 736
46 33.8 754
46 33.8 754
46 33.8 746
46 33.9 746
46 33.9 760
46 33.9 729
44 33.9 757
44 33.8 749
44 33.8 749
45 33.8 725
45 33.8 756
45 33.8 756
47 33.6 718
47 33.6 718
47 33.6 742
47 33.6 742
46 33.6 746
46 33.6 746
46 33.6 750
46 33.7 744
45 33.7 743
45 33.7 713
45 33.7 685
45 33.7 685
45 33.7 717
43 33.7 693
43 34.0 693
43 34.0 716
44 34.0 749
44 33.8 749
44 33.8 742
46 33.9 742
46 33.9 749
46 33.9 767
46 33.9 758
47 33.9 758
47 34.0 759
48 34.0 759
48 34.0 731
48 34.0 766
48 33.9 766
47 33.9 764
47 33.9 735
47 33.9 735
47 33.9 705
47 33.8 734
47 33.8 717
47 33.8 717
46 34.0 722
46 34.0 722
46 34.0 734
46 34.0 760
46 34.0 737
46 34.0 728
46 34.1 718
46 34.1 694
46 34.1 679
46 34.1 691
46 34.1 661
46 34.1 629
47 34.1 629
47 34.1 651
47 34.2 678
47 34.2 683
47 34.2 683
47 34.2 722
47 34.0 722
47 34.0 756
47 34.0 756
49 33.9 749
49 33.9 761
49 33.9 768
51 33.9 768
53 33.8 788
53 33.8 772
53 33.8 772
52 34.1 735
53 34.1 709
53 34.1 701
53 34.1 676
52 34.1 666
52 34.1 666
52 34.1 695
54 34.1 695
56 34.2 725
56 34.2 708
56 34.2 708
56 34.2 738
56 34.2 738
56 34.2 719
56 34.4 719
56 34.4 712
56 34.4 712
56 34.4 692
56 34.4 658
56 34.4 658
57 34.5 676
57 34.5 676
57 34.5 683
58 34.5 716
56 34.5 716
56 34.6 731
56 34.6 768
58 34.6 764
58 34.6 764
58 34.6 749
58 34.4 749
57 34.4 769
57 34.4 769
57 34.4 769
57 34.4 745
59 34.4 733
59 34.4 733
59 34.4 713
59 34.4 732
59 34.4 732
59 34.4 765
59 34.4 765
58 34.6 804
58 34.6 804
58 34.6 796
58 34.6 796
58 34.6 789
56 34.6 789
56 34.5 786
56 34.5 786
56 34.5 773
58 34.6 805
58 34.6 805
58 34.6 805
58 34.6 775
59 34.5 791
59 34.5 773
59 34.5 756
60 34.5 756
60 34.6 761
60 34.6 752
60 34.6 752
60 34.6 726
60 34.4 726
60 34.3 755
60 34.0 743
59 34.0 743
61 34.0 763
61 34.0 763
61 34.0 738
63 34.0 738
63 34.0 733
63 34.0 733
64 34.0 708
64 34.0 708
64 34.2 715
64 34.2 725
64 34.2 707
64 34.2 715
64 34.2 754
64 34.2 754
66 34.2 731
66 34.2 729
66 34.2 729
68 34.1 714
68 34.1 714
68 34.1 733
69 34.0 733
69 34.0 701
69 34.0 702
69 34.0 717
69 34.0 717
68 34.0 684
66 34.2 684
64 34.2 705
64 34.2 710
62 34.2 710
61 34.2 738
62 34.2 758
63 34.4 732
63 34.2 732
63 34.2 771
63 34.2 810
63 34.2 799
63 34.2 795
63 34.2 795
62 34.2 767
62 34.2 784
61 34.2 784
61 34.2 784
59 34.2 784
59 34.0 808
59 34.0 795
57 34.0 791
57 33.9 765
57 33.9 765
57 33.9 732
57 33.9 716
57 33.9 697
58 33.9 697
60 33.9 662
60 33.9 662
60 33.9 687
60 34.0 723
60 34.0 723
58 34.0 736
59 33.8 736
59 33.8 757
61 33.6 757
60 33.6 735
60 33.6 735
58 33.6 701
58 33.7 716
58 33.7 716
57 33.7 685
57 33.7 697
57 33.7 697
57 33.5 710
56 33.5 687
56 33.5 687
56 33.5 711
58 33.5 711
58 33.5 718
60 33.7 718
60 33.7 697
60 33.7 697
60 33.7 732
62 33.5 724
62 33.6 724
64 33.6 717
63 33.6 717
63 33.6 742
63 33.6 745
63 33.6 746
63 33.7 746
63 33.7 709
65 33.7 710
65 33.7 695
66 33.7 695
66 33.7 717
66 33.9 736
65 33.9 715
65 33.9 715
65 33.9 692
65 33.7 692
65 33.7 701
64 33.7 701
64 33.7 671
63 33.7 659
63 33.7 659
63 33.9 694
63 33.9 694
63 33.9 713
63 33.9 749
61 33.9 749
61 33.7 785
61 33.7 764
61 33.7 764
61 33.7 803
61 33.7 772
61 33.7 786
61 33.9 786
61 33.9 763
59 33.9 778
59 33.9 743
59 33.9 743
59 33.9 722
59 33.9 722
59 33.8 695
59 33.8 721
59 33.8 723
59 33.8 743
59 33.8 743
61 33.8 749
61 33.6 722
62 33.6 749
62 33.6 730
60 33.6 735
60 33.6 735
62 33.6 720
63 33.6 751
63 33.6 736
63 33.6 702
61 33.6 735
61 33.6 705
61 33.6 705
59 33.8 702
59 33.8 687
61 33.8 687
61 34.0 724
61 34.0 695
61 34.0 728
61 34.0 728
61 34.0 737
61 34.0 728
61 34.0 728
61 34.0 739
61 34.0 739
62 34.0 736
62 34.0 736
62 34.0 739
62 34.0 755
62 34.0 755
62 34.0 774
62 34.0 774
63 34.0 773
63 34.0 773
65 34.2 748
65 34.2 748
64 34.2 720
64 34.2 752
64 34.4 752
62 34.4 788
62 34.4 751
62 34.4 773
62 34.4 773
62 34.4 804
61 34.5 799
61 34.4 790
61 34.2 821
59 34.2 816
59 34.2 816
59 34.2 816
57 34.2 803
57 34.4 803
57 34.4 792
57 34.2 792
56 34.2 758
56 34.2 771
56 34.2 771
56 34.2 799
58 34.4 799
58 34.4 770
58 34.4 770
58 34.4 773
58 34.4 740
58 34.2 772
58 34.2 772
57 34.2 768
57 34.2 794
57 34.2 801
57 34.2 797
57 33.9 797
57 33.9 785
56 33.9 790
56 33.9 790
54 33.9 766
55 33.7 771
55 33.7 766
55 33.7 766
53 33.6 766
54 33.6 781
53 33.6 781
53 33.5 769
53 33.4 769
53 33.4 774
53 33.4 752
53 33.4 752
53 33.4 752
52 33.4 752
52 33.6 714
52 33.6 730
52 33.5 734
50 33.5 726
50 33.5 699
51 33.5 681
51 33.7 692
51 33.7 657
51 33.6 657
49 33.6 677
49 33.6 677
49 33.6 639
49 33.7 649
49 33.7 653
51 33.8 653
51 33.8 660
51 33.8 660
51 33.8 684
51 33.7 684
50 33.7 663
51 33.7 691
51 33.7 697
51 33.5 697
51 33.5 721
53 33.5 735
53 33.6 735
52 33.6 697
52 33.6 713
52 33.6 713
50 33.6 707
52 33.6 707
52 33.6 725
51 33.5 725
52 33.5 736
50 33.5 736
50 33.5 767
51 33.5 780
51 33.5 754
51 33.5 754
51 33.5 742
50 33.5 709
50 33.5 677
51 33.7 677
51 33.7 677
51 33.7 691
51 33.7 697
51 33.7 729
51 33.8 729
51 33.8 762
51 33.8 760
51 34.0 727
49 34.0 743
49 34.0 743
49 34.0 743
49 33.8 710
49 33.8 707
49 33.8 707
49 33.8 711
51 33.8 711
51 33.8 711
51 33.8 711
51 33.8 734
52 33.8 733
52 34.0 733
52 34.0 767
52 34.0 767
51 34.0 755
51 34.0 755
51 34.0 752
51 34.0 752
51 34.0 715
51 34.0 715
49 34.0 702
49 34.0 702
50 33.9 704
50 33.9 705
50 33.9 710
50 33.9 679
48 33.9 684
48 33.9 684
48 34.1 715
48 34.1 715
48 33.9 676
48 33.9 676
48 33.9 694
50 33.9 726
50 33.9 726
50 34.1 687
50 34.1 687
48 34.1 692
46 34.1 692
46 34.1 694
46 34.1 713
47 34.1 746
47 34.1 746
47 34.1 732
47 33.9 719
49 33.9 719
49 33.9 705
49 33.9 717
49 33.9 717
48 33.9 688
49 33.9 688
49 33.9 702
49 33.8 702
49 33.9 723
49 34.1 723
48 34.1 723
48 34.1 723
47 34.1 685
47 34.2 685
46 34.1 674
46 34.1 674
46 34.1 674
46 34.1 704
46 34.1 704
45 34.1 740
45 34.1 752
45 34.1 752
45 34.1 776
45 34.1 763
45 34.1 753
47 34.1 753
46 34.1 768
47 34.1 760
47 34.1 734
47 34.3 734
48 34.2 699
48 34.2 699
46 34.2 671
46 34.2 666
46 34.2 666
46 34.1 666
46 34.1 666
46 34.1 699
48 34.1 729
48 34.1 736
49 34.1 736
49 34.1 697
47 33.9 697
46 33.9 724
46 34.0 700
46 34.0 700
48 34.0 674
48 34.0 694
50 34.1 694
48 34.1 690
50 34.1 690
50 34.1 658
50 34.1 677
51 34.1 677
51 34.1 715
51 34.1 748
50 34.1 758
50 34.1 758
50 34.2 785
50 33.9 785
50 33.9 771
48 33.9 771
48 34.1 748
47 34.1 776
47 34.1 776
47 34.0 740
46 34.0 740
44 34.0 745
45 34.0 726
45 34.0 726
47 34.2 745
48 34.1 745
48 34.1 746
48 34.1 708
47 34.1 727
47 34.2 710
47 34.2 710
47 34.2 729
45 34.2 729
45 34.2 741
45 34.2 749
46 34.0 749
46 34.0 780
46 34.0 780
46 34.0 767
46 34.0 767
46 34.1 753
46 34.1 753
46 34.1 720
46 34.1 691
46 34.1 691
46 34.3 728
47 34.3 728
47 34.1 764
45 34.1 764
45 34.1 751
46 34.0 751
46 34.0 726
46 34.0 753
46 34.0 753
46 33.8 781
46 33.8 769
46 33.8 769
46 33.8 799
46 33.8 766
47 33.8 766
47 33.8 729
47 33.8 729
47 33.8 765
47 33.8 765
45 34.0 739
45 34.2 739
45 34.2 767
44 34.2 767
44 34.2 730
42 34.2 730
42 34.2 759
42 34.0 759
42 34.0 739
43 34.0 739
43 34.0 733
43 33.9 746
43 33.9 754
42 33.9 754
42 33.9 781
42 33.7 794
42 33.7 794
44 33.7 777
43 33.7 777
43 33.9 749
43 33.9 712
44 34.1 712
44 33.9 692
44 33.9 675
44 33.9 675
44 33.9 713
44 33.8 689
44 33.8 722
45 33.8 722
45 33.8 759
46 33.8 759
46 33.8 722
48 33.8 722
48 33.8 750
47 33.7 750
47 33.7 717
47 33.7 717
47 33.7 742
47 33.7 742
47 33.4 757
47 33.3 786
47 33.3 776
47 33.3 770
47 33.3 754
49 33.4 759
49 33.4 759
49 33.4 731
49 33.4 723
51 33.4 723
51 33.4 715
51 33.3 715
51 33.3 705
52 33.3 705
52 33.3 721
53 33.4 753
53 33.4 743
53 33.4 709
53 33.4 711
53 33.4 681
54 33.4 681
54 33.4 685
56 33.4 686
56 33.4 683
57 33.4 673
57 33.4 691
57 33.3 691
57 33.3 726
57 33.3 710
57 33.3 710
57 33.3 746
57 33.4 746
57 33.4 721
57 33.4 721
56 33.7 754
56 33.7 754
56 33.7 725
56 33.7 725
57 33.7 729
56 33.6 729
56 33.6 763
56 33.6 765
56 33.6 748
57 33.6 748
57 33.4 772
57 33.4 772
57 33.4 764
57 33.4 792
57 33.4 791
57 33.4 787
55 33.4 787
55 33.4 823
55 33.4 805
55 33.4 780
55 33.4 757
55 33.6 757
54 33.6 728
54 33.4 737
54 33.4 737
53 33.4 770
51 33.4 754
49 33.4 719
49 33.4 705
49 33.4 705
51 33.6 730
51 33.6 730
51 33.6 768
51 33.6 768
51 33.6 765
51 33.6 765
51 33.6 742
51 33.6 742
51 33.6 742
50 33.6 742
49 33.6 708
49 33.6 708
49 33.3 719
50 33.3 719
50 33.3 757
49 33.5 723
49 33.5 723
49 33.5 712
49 33.5 712
49 33.5 751
49 33.5 751
49 33.5 788
50 33.5 788
50 33.5 827
50 33.5 791
50 33.4 812
52 33.4 812
52 33.4 811
52 33.4 804
52 33.4 804
52 33.4 797
53 33.4 797
53 33.4 764
53 33.4 764
53 33.3 763
52 33.3 753
52 33.3 714
52 33.4 714
53 33.4 714
53 33.4 744
53 33.4 751
53 33.4 732
55 33.4 732
55 33.4 754
54 33.4 729
54 33.2 729
54 33.2 733
53 33.2 733
53 33.2 716
53 33.2 716
53 33.4 715
53 33.4 738
53 33.4 738
51 33.4 703
50 33.4 708
50 33.4 731
50 33.4 731
50 33.4 730
50 33.5 712
48 33.5 712
50 33.5 732
50 33.5 732
50 33.6 737
49 33.6 737
49 33.6 753
49 33.6 753
50 33.6 731
49 33.8 731
49 33.8 757
51 33.8 757
51 33.8 738
51 33.8 728
51 33.8 728
51 33.8 755
51 33.8 771
53 33.8 739
55 33.9 776
55 33.9 772
57 33.9 772
57 33.9 760
57 33.8 760
57 33.8 741
55 33.8 716
55 33.8 688
55 33.8 688
57 33.6 662
57 33.6 662
57 33.6 673
56 33.6 673
56 33.6 701
56 33.6 701
56 33.8 705
54 33.8 705
54 33.8 712
54 33.8 726
55 34.0 739
55 34.1 716
55 34.1 755
55 34.1 755
54 34.1 774
54 34.1 807
54 34.3 798
52 34.1 780
52 34.2 756
52 34.2 758
53 34.2 735
53 34.2 715
53 34.2 715
53 34.4 733
51 34.4 760
51 34.4 726
52 34.4 700
52 34.4 700